pid,act,start,end,duration
0,home,0,375,375
0,work,375,1170,795
0,home,1170,1440,270
1,home,0,390,390
1,shop,390,450,60
1,leisure,450,1005,555
1,home,1005,1440,435
2,home,0,375,375
2,work,375,1185,810
2,home,1185,1440,255
3,home,0,375,375
3,work,375,795,420
3,shop,795,855,60
3,home,855,1440,585
4,home,0,405,405
4,shop,405,465,60
4,leisure,465,990,525
4,home,990,1440,450
5,home,0,375,375
5,shop,375,510,135
5,leisure,510,990,480
5,home,990,1440,450
6,home,0,390,390
6,leisure,390,465,75
6,shop,465,585,120
6,home,585,1440,855
7,home,0,390,390
7,shop,390,525,135
7,leisure,525,1020,495
7,home,1020,1440,420
8,home,0,420,420
8,shop,420,480,60
8,leisure,480,990,510
8,home,990,1440,450
9,home,0,375,375
9,work,375,1095,720
9,home,1095,1440,345
10,home,0,375,375
10,leisure,375,555,180
10,shop,555,930,375
10,home,930,1440,510
11,home,0,420,420
11,shop,420,510,90
11,leisure,510,1005,495
11,home,1005,1440,435
12,home,0,375,375
12,work,375,795,420
12,shop,795,855,60
12,home,855,1440,585
13,home,0,375,375
13,work,375,1095,720
13,home,1095,1440,345
14,home,0,375,375
14,shop,375,435,60
14,leisure,435,990,555
14,home,990,1440,450
15,home,0,405,405
15,leisure,405,555,150
15,shop,555,855,300
15,home,855,1440,585
16,home,0,375,375
16,work,375,795,420
16,shop,795,855,60
16,home,855,1440,585
17,home,0,405,405
17,leisure,405,585,180
17,shop,585,900,315
17,home,900,1440,540
18,home,0,375,375
18,shop,375,465,90
18,home,465,645,180
18,leisure,645,990,345
18,home,990,1440,450
19,home,0,375,375
19,work,375,1095,720
19,home,1095,1440,345
20,home,0,405,405
20,shop,405,465,60
20,leisure,465,810,345
20,home,810,1440,630
21,home,0,375,375
21,work,375,1035,660
21,education,1035,1080,45
21,home,1080,1440,360
22,home,0,375,375
22,work,375,960,585
22,leisure,960,1020,60
22,home,1020,1440,420
23,home,0,375,375
23,work,375,780,405
23,shop,780,795,15
23,work,795,1035,240
23,leisure,1035,1050,15
23,work,1050,1185,135
23,home,1185,1440,255
24,home,0,405,405
24,shop,405,465,60
24,leisure,465,975,510
24,home,975,1440,465
25,home,0,375,375
25,work,375,795,420
25,shop,795,870,75
25,home,870,1440,570
26,home,0,405,405
26,shop,405,495,90
26,home,495,630,135
26,leisure,630,930,300
26,home,930,1440,510
27,home,0,375,375
27,work,375,1155,780
27,home,1155,1440,285
28,home,0,390,390
28,work,390,1065,675
28,home,1065,1440,375
29,home,0,375,375
29,leisure,375,495,120
29,shop,495,585,90
29,home,585,660,75
29,shop,660,675,15
29,home,675,855,180
29,shop,855,945,90
29,home,945,1440,495
30,home,0,375,375
30,shop,375,450,75
30,leisure,450,990,540
30,home,990,1440,450
31,home,0,375,375
31,shop,375,465,90
31,leisure,465,1005,540
31,home,1005,1440,435
32,home,0,375,375
32,shop,375,450,75
32,leisure,450,975,525
32,home,975,1440,465
33,home,0,405,405
33,shop,405,525,120
33,home,525,660,135
33,leisure,660,765,105
33,home,765,990,225
33,shop,990,1005,15
33,home,1005,1440,435
34,home,0,405,405
34,leisure,405,600,195
34,shop,600,915,315
34,home,915,1440,525
35,home,0,375,375
35,leisure,375,555,180
35,shop,555,780,225
35,home,780,1440,660
36,home,0,375,375
36,work,375,1185,810
36,home,1185,1440,255
37,home,0,390,390
37,work,390,1170,780
37,home,1170,1440,270
38,home,0,390,390
38,work,390,1110,720
38,home,1110,1440,330
39,home,0,390,390
39,leisure,390,585,195
39,shop,585,645,60
39,home,645,1440,795
40,home,0,405,405
40,shop,405,495,90
40,leisure,495,990,495
40,home,990,1440,450
41,home,0,390,390
41,shop,390,450,60
41,leisure,450,990,540
41,home,990,1440,450
42,home,0,390,390
42,shop,390,465,75
42,leisure,465,1020,555
42,home,1020,1440,420
43,home,0,390,390
43,shop,390,480,90
43,leisure,480,990,510
43,home,990,1440,450
44,home,0,375,375
44,work,375,780,405
44,shop,780,810,30
44,work,810,1110,300
44,shop,1110,1125,15
44,home,1125,1440,315
45,home,0,420,420
45,shop,420,465,45
45,leisure,465,975,510
45,home,975,1440,465
46,home,0,375,375
46,shop,375,465,90
46,home,465,630,165
46,leisure,630,990,360
46,home,990,1440,450
47,home,0,390,390
47,shop,390,465,75
47,leisure,465,975,510
47,home,975,1440,465
48,home,0,375,375
48,shop,375,525,150
48,home,525,540,15
48,leisure,540,780,240
48,home,780,1440,660
49,home,0,375,375
49,shop,375,420,45
49,leisure,420,990,570
49,home,990,1440,450
50,home,0,405,405
50,shop,405,465,60
50,leisure,465,570,105
50,shop,570,825,255
50,home,825,1035,210
50,shop,1035,1050,15
50,home,1050,1440,390
51,home,0,375,375
51,shop,375,435,60
51,leisure,435,1005,570
51,home,1005,1440,435
52,home,0,390,390
52,work,390,1080,690
52,home,1080,1440,360
53,home,0,405,405
53,shop,405,480,75
53,leisure,480,990,510
53,home,990,1440,450
54,home,0,405,405
54,shop,405,510,105
54,leisure,510,1005,495
54,home,1005,1440,435
55,home,0,375,375
55,work,375,795,420
55,shop,795,840,45
55,education,840,990,150
55,home,990,1440,450
56,home,0,375,375
56,work,375,795,420
56,shop,795,870,75
56,home,870,1440,570
57,home,0,375,375
57,work,375,1095,720
57,home,1095,1440,345
58,home,0,375,375
58,work,375,1080,705
58,leisure,1080,1110,30
58,home,1110,1440,330
59,home,0,375,375
59,work,375,1170,795
59,home,1170,1440,270
60,home,0,375,375
60,work,375,765,390
60,shop,765,780,15
60,work,780,1020,240
60,leisure,1020,1035,15
60,work,1035,1095,60
60,leisure,1095,1110,15
60,work,1110,1125,15
60,leisure,1125,1155,30
60,work,1155,1185,30
60,leisure,1185,1200,15
60,work,1200,1215,15
60,home,1215,1440,225
61,home,0,375,375
61,work,375,795,420
61,shop,795,855,60
61,home,855,1440,585
62,home,0,390,390
62,leisure,390,510,120
62,shop,510,675,165
62,home,675,1440,765
63,home,0,405,405
63,shop,405,465,60
63,leisure,465,990,525
63,home,990,1440,450
64,home,0,390,390
64,leisure,390,465,75
64,shop,465,645,180
64,home,645,930,285
64,leisure,930,1020,90
64,home,1020,1440,420
65,home,0,375,375
65,work,375,795,420
65,shop,795,885,90
65,home,885,1440,555
66,home,0,420,420
66,shop,420,495,75
66,leisure,495,1005,510
66,home,1005,1440,435
67,home,0,405,405
67,shop,405,465,60
67,leisure,465,975,510
67,home,975,1440,465
68,home,0,375,375
68,work,375,1095,720
68,home,1095,1440,345
69,home,0,405,405
69,shop,405,480,75
69,leisure,480,960,480
69,home,960,1440,480
70,home,0,375,375
70,shop,375,495,120
70,leisure,495,1020,525
70,home,1020,1440,420
71,home,0,375,375
71,work,375,1080,705
71,education,1080,1095,15
71,home,1095,1440,345
72,home,0,390,390
72,shop,390,465,75
72,leisure,465,975,510
72,home,975,1440,465
73,home,0,405,405
73,leisure,405,645,240
73,shop,645,795,150
73,home,795,1440,645
74,home,0,390,390
74,shop,390,465,75
74,leisure,465,975,510
74,home,975,1440,465
75,home,0,375,375
75,shop,375,465,90
75,leisure,465,990,525
75,home,990,1440,450
76,home,0,375,375
76,shop,375,420,45
76,leisure,420,630,210
76,shop,630,810,180
76,home,810,1440,630
77,home,0,405,405
77,leisure,405,540,135
77,shop,540,675,135
77,home,675,1440,765
78,home,0,375,375
78,work,375,795,420
78,shop,795,855,60
78,home,855,1440,585
79,home,0,390,390
79,leisure,390,645,255
79,shop,645,735,90
79,home,735,1440,705
80,home,0,375,375
80,work,375,780,405
80,education,780,975,195
80,home,975,1440,465
81,home,0,375,375
81,shop,375,435,60
81,leisure,435,990,555
81,home,990,1440,450
82,home,0,390,390
82,shop,390,480,90
82,leisure,480,990,510
82,home,990,1440,450
83,home,0,375,375
83,work,375,765,390
83,shop,765,810,45
83,work,810,1140,330
83,leisure,1140,1170,30
83,work,1170,1200,30
83,home,1200,1440,240
84,home,0,390,390
84,leisure,390,570,180
84,shop,570,750,180
84,home,750,1440,690
85,home,0,375,375
85,shop,375,555,180
85,home,555,660,105
85,leisure,660,810,150
85,home,810,1440,630
86,home,0,375,375
86,leisure,375,495,120
86,shop,495,690,195
86,home,690,1440,750
87,home,0,375,375
87,leisure,375,570,195
87,shop,570,795,225
87,home,795,1440,645
88,home,0,375,375
88,shop,375,435,60
88,home,435,600,165
88,leisure,600,780,180
88,home,780,1440,660
89,home,0,375,375
89,work,375,795,420
89,shop,795,825,30
89,work,825,1140,315
89,home,1140,1440,300
90,home,0,390,390
90,shop,390,450,60
90,leisure,450,1005,555
90,home,1005,1440,435
91,home,0,375,375
91,work,375,1095,720
91,home,1095,1440,345
92,home,0,405,405
92,shop,405,465,60
92,leisure,465,1020,555
92,home,1020,1440,420
93,home,0,405,405
93,leisure,405,525,120
93,shop,525,585,60
93,home,585,795,210
93,leisure,795,990,195
93,home,990,1440,450
94,home,0,375,375
94,work,375,795,420
94,shop,795,855,60
94,home,855,1440,585
95,home,0,420,420
95,leisure,420,615,195
95,shop,615,855,240
95,home,855,1440,585
96,home,0,375,375
96,shop,375,435,60
96,leisure,435,990,555
96,home,990,1440,450
97,home,0,375,375
97,shop,375,465,90
97,leisure,465,990,525
97,home,990,1440,450
98,home,0,375,375
98,work,375,1110,735
98,home,1110,1440,330
99,home,0,420,420
99,leisure,420,705,285
99,shop,705,795,90
99,home,795,1440,645
100,home,0,375,375
100,work,375,810,435
100,education,810,930,120
100,shop,930,960,30
100,home,960,1440,480
101,home,0,375,375
101,work,375,1065,690
101,home,1065,1440,375
102,home,0,375,375
102,work,375,1005,630
102,home,1005,1440,435
103,home,0,375,375
103,work,375,765,390
103,shop,765,780,15
103,work,780,1005,225
103,leisure,1005,1035,30
103,work,1035,1095,60
103,leisure,1095,1110,15
103,work,1110,1140,30
103,leisure,1140,1170,30
103,work,1170,1200,30
103,leisure,1200,1230,30
103,home,1230,1440,210
104,home,0,405,405
104,shop,405,510,105
104,home,510,645,135
104,leisure,645,840,195
104,home,840,1440,600
105,home,0,375,375
105,work,375,795,420
105,shop,795,855,60
105,work,855,1080,225
105,leisure,1080,1095,15
105,work,1095,1125,30
105,home,1125,1440,315
106,home,0,375,375
106,shop,375,450,75
106,leisure,450,975,525
106,home,975,1440,465
107,home,0,390,390
107,leisure,390,600,210
107,shop,600,765,165
107,home,765,1440,675
108,home,0,390,390
108,shop,390,450,60
108,leisure,450,1005,555
108,home,1005,1440,435
109,home,0,420,420
109,shop,420,480,60
109,leisure,480,990,510
109,home,990,1440,450
110,home,0,405,405
110,shop,405,480,75
110,leisure,480,720,240
110,shop,720,855,135
110,home,855,1440,585
111,home,0,405,405
111,shop,405,480,75
111,leisure,480,990,510
111,home,990,1440,450
112,home,0,375,375
112,shop,375,390,15
112,leisure,390,585,195
112,shop,585,885,300
112,home,885,1440,555
113,home,0,375,375
113,shop,375,435,60
113,leisure,435,990,555
113,home,990,1440,450
114,home,0,405,405
114,leisure,405,510,105
114,shop,510,585,75
114,home,585,1440,855
115,home,0,390,390
115,shop,390,585,195
115,leisure,585,975,390
115,home,975,1440,465
116,home,0,390,390
116,work,390,810,420
116,shop,810,870,60
116,education,870,990,120
116,home,990,1440,450
117,home,0,390,390
117,shop,390,450,60
117,leisure,450,990,540
117,home,990,1440,450
118,home,0,405,405
118,leisure,405,585,180
118,shop,585,660,75
118,home,660,1440,780
119,home,0,375,375
119,work,375,1125,750
119,home,1125,1440,315
120,home,0,405,405
120,shop,405,480,75
120,leisure,480,990,510
120,home,990,1440,450
121,home,0,375,375
121,shop,375,495,120
121,leisure,495,1005,510
121,home,1005,1440,435
122,home,0,405,405
122,leisure,405,480,75
122,shop,480,555,75
122,leisure,555,990,435
122,home,990,1440,450
123,home,0,375,375
123,work,375,1110,735
123,home,1110,1440,330
124,home,0,405,405
124,shop,405,480,75
124,leisure,480,990,510
124,home,990,1440,450
125,home,0,405,405
125,shop,405,495,90
125,leisure,495,990,495
125,home,990,1440,450
126,home,0,390,390
126,shop,390,465,75
126,leisure,465,975,510
126,home,975,1440,465
127,home,0,375,375
127,work,375,765,390
127,shop,765,795,30
127,work,795,1050,255
127,shop,1050,1065,15
127,home,1065,1440,375
128,home,0,375,375
128,shop,375,405,30
128,leisure,405,675,270
128,shop,675,960,285
128,home,960,1440,480
129,home,0,420,420
129,shop,420,600,180
129,home,600,645,45
129,leisure,645,810,165
129,home,810,1440,630
130,home,0,420,420
130,shop,420,510,90
130,leisure,510,1005,495
130,home,1005,1440,435
131,home,0,390,390
131,leisure,390,660,270
131,shop,660,750,90
131,home,750,1440,690
132,home,0,390,390
132,work,390,1110,720
132,leisure,1110,1140,30
132,home,1140,1440,300
133,home,0,420,420
133,shop,420,480,60
133,leisure,480,975,495
133,home,975,1440,465
134,home,0,375,375
134,leisure,375,495,120
134,shop,495,585,90
134,home,585,795,210
134,shop,795,960,165
134,home,960,1440,480
135,home,0,390,390
135,shop,390,450,60
135,leisure,450,1020,570
135,home,1020,1440,420
136,home,0,390,390
136,work,390,1035,645
136,home,1035,1440,405
137,home,0,390,390
137,shop,390,465,75
137,leisure,465,975,510
137,home,975,1440,465
138,home,0,375,375
138,leisure,375,630,255
138,shop,630,690,60
138,home,690,1440,750
139,home,0,405,405
139,shop,405,435,30
139,leisure,435,705,270
139,shop,705,780,75
139,home,780,1020,240
139,shop,1020,1035,15
139,home,1035,1440,405
140,home,0,405,405
140,shop,405,480,75
140,leisure,480,990,510
140,home,990,1440,450
141,home,0,375,375
141,leisure,375,495,120
141,shop,495,570,75
141,home,570,810,240
141,shop,810,915,105
141,home,915,1440,525
142,home,0,405,405
142,shop,405,495,90
142,home,495,630,135
142,leisure,630,825,195
142,home,825,1440,615
143,home,0,390,390
143,shop,390,540,150
143,leisure,540,1020,480
143,home,1020,1440,420
144,home,0,375,375
144,work,375,1140,765
144,home,1140,1440,300
145,home,0,375,375
145,shop,375,450,75
145,leisure,450,990,540
145,home,990,1440,450
146,home,0,375,375
146,work,375,780,405
146,shop,780,840,60
146,work,840,1125,285
146,leisure,1125,1140,15
146,work,1140,1170,30
146,home,1170,1440,270
147,home,0,375,375
147,work,375,795,420
147,shop,795,840,45
147,home,840,1440,600
148,home,0,390,390
148,work,390,1125,735
148,home,1125,1440,315
149,home,0,420,420
149,shop,420,465,45
149,leisure,465,810,345
149,shop,810,915,105
149,home,915,1440,525
150,home,0,405,405
150,shop,405,465,60
150,leisure,465,990,525
150,home,990,1440,450
151,home,0,405,405
151,shop,405,480,75
151,leisure,480,975,495
151,home,975,1440,465
152,home,0,375,375
152,leisure,375,465,90
152,shop,465,570,105
152,home,570,1440,870
153,home,0,375,375
153,shop,375,465,90
153,leisure,465,975,510
153,home,975,1440,465
154,home,0,405,405
154,work,405,855,450
154,shop,855,930,75
154,home,930,1440,510
155,home,0,435,435
155,shop,435,525,90
155,leisure,525,705,180
155,shop,705,900,195
155,home,900,1440,540
156,home,0,405,405
156,shop,405,480,75
156,leisure,480,1020,540
156,home,1020,1440,420
157,home,0,375,375
157,work,375,975,600
157,shop,975,990,15
157,home,990,1440,450
158,home,0,405,405
158,leisure,405,495,90
158,shop,495,705,210
158,leisure,705,990,285
158,home,990,1440,450
159,home,0,375,375
159,leisure,375,525,150
159,shop,525,600,75
159,home,600,1440,840
160,home,0,375,375
160,work,375,1185,810
160,home,1185,1440,255
161,home,0,375,375
161,work,375,1125,750
161,home,1125,1440,315
162,home,0,375,375
162,work,375,1125,750
162,home,1125,1440,315
163,home,0,375,375
163,work,375,1125,750
163,home,1125,1440,315
164,home,0,375,375
164,leisure,375,450,75
164,shop,450,510,60
164,home,510,690,180
164,leisure,690,990,300
164,home,990,1440,450
165,home,0,375,375
165,work,375,1095,720
165,home,1095,1440,345
166,home,0,375,375
166,shop,375,465,90
166,leisure,465,1005,540
166,home,1005,1440,435
167,home,0,390,390
167,shop,390,450,60
167,leisure,450,975,525
167,home,975,1440,465
168,home,0,405,405
168,shop,405,510,105
168,leisure,510,1020,510
168,home,1020,1440,420
169,home,0,375,375
169,shop,375,390,15
169,work,390,1125,735
169,home,1125,1440,315
170,home,0,420,420
170,leisure,420,555,135
170,shop,555,960,405
170,home,960,1440,480
171,home,0,390,390
171,shop,390,450,60
171,leisure,450,975,525
171,home,975,1440,465
172,home,0,405,405
172,leisure,405,495,90
172,shop,495,570,75
172,home,570,1440,870
173,home,0,375,375
173,leisure,375,420,45
173,shop,420,540,120
173,leisure,540,1005,465
173,home,1005,1440,435
174,home,0,390,390
174,leisure,390,465,75
174,shop,465,525,60
174,home,525,930,405
174,shop,930,960,30
174,home,960,1440,480
175,home,0,405,405
175,shop,405,480,75
175,leisure,480,990,510
175,home,990,1440,450
176,home,0,405,405
176,shop,405,525,120
176,leisure,525,1020,495
176,home,1020,1440,420
177,home,0,420,420
177,leisure,420,525,105
177,shop,525,825,300
177,home,825,1440,615
178,home,0,480,480
178,leisure,480,540,60
178,shop,540,660,120
178,leisure,660,1020,360
178,home,1020,1440,420
179,home,0,375,375
179,work,375,795,420
179,shop,795,855,60
179,work,855,1065,210
179,leisure,1065,1095,30
179,work,1095,1155,60
179,leisure,1155,1170,15
179,work,1170,1200,30
179,home,1200,1440,240
180,home,0,375,375
180,leisure,375,450,75
180,shop,450,585,135
180,home,585,1440,855
181,home,0,405,405
181,shop,405,495,90
181,leisure,495,990,495
181,home,990,1440,450
182,home,0,375,375
182,work,375,1065,690
182,home,1065,1440,375
183,home,0,375,375
183,leisure,375,450,75
183,shop,450,585,135
183,home,585,1440,855
184,home,0,375,375
184,shop,375,435,60
184,leisure,435,1005,570
184,home,1005,1440,435
185,home,0,405,405
185,shop,405,480,75
185,leisure,480,1005,525
185,home,1005,1440,435
186,home,0,375,375
186,work,375,1155,780
186,home,1155,1440,285
187,home,0,390,390
187,shop,390,495,105
187,leisure,495,990,495
187,home,990,1440,450
188,home,0,375,375
188,shop,375,480,105
188,home,480,525,45
188,leisure,525,765,240
188,home,765,1440,675
189,home,0,390,390
189,shop,390,450,60
189,leisure,450,990,540
189,home,990,1440,450
190,home,0,390,390
190,work,390,795,405
190,shop,795,810,15
190,work,810,1035,225
190,leisure,1035,1050,15
190,work,1050,1065,15
190,shop,1065,1080,15
190,home,1080,1440,360
191,home,0,375,375
191,work,375,795,420
191,shop,795,915,120
191,home,915,1440,525
192,home,0,390,390
192,work,390,1110,720
192,home,1110,1440,330
193,home,0,420,420
193,shop,420,510,90
193,leisure,510,1005,495
193,home,1005,1440,435
194,home,0,375,375
194,shop,375,435,60
194,leisure,435,705,270
194,shop,705,960,255
194,home,960,1440,480
195,home,0,375,375
195,shop,375,450,75
195,leisure,450,990,540
195,home,990,1440,450
196,home,0,390,390
196,work,390,1155,765
196,home,1155,1440,285
197,home,0,420,420
197,shop,420,480,60
197,leisure,480,990,510
197,home,990,1440,450
198,home,0,375,375
198,shop,375,465,90
198,leisure,465,975,510
198,home,975,1440,465
199,home,0,375,375
199,work,375,1065,690
199,home,1065,1440,375
200,home,0,390,390
200,leisure,390,570,180
200,shop,570,855,285
200,home,855,1440,585
201,home,0,375,375
201,work,375,1155,780
201,home,1155,1440,285
202,home,0,375,375
202,shop,375,450,75
202,leisure,450,1005,555
202,home,1005,1440,435
203,home,0,375,375
203,work,375,780,405
203,shop,780,795,15
203,work,795,1095,300
203,leisure,1095,1110,15
203,work,1110,1125,15
203,leisure,1125,1140,15
203,work,1140,1155,15
203,leisure,1155,1170,15
203,home,1170,1440,270
204,home,0,375,375
204,work,375,1095,720
204,education,1095,1110,15
204,home,1110,1440,330
205,home,0,390,390
205,shop,390,465,75
205,leisure,465,990,525
205,home,990,1440,450
206,home,0,390,390
206,shop,390,630,240
206,home,630,660,30
206,leisure,660,735,75
206,home,735,1440,705
207,home,0,375,375
207,work,375,1080,705
207,home,1080,1440,360
208,home,0,375,375
208,work,375,795,420
208,shop,795,810,15
208,home,810,1440,630
209,home,0,390,390
209,shop,390,450,60
209,leisure,450,1035,585
209,home,1035,1440,405
210,home,0,375,375
210,work,375,1140,765
210,home,1140,1440,300
211,home,0,390,390
211,shop,390,465,75
211,leisure,465,975,510
211,home,975,1440,465
212,home,0,390,390
212,shop,390,450,60
212,leisure,450,585,135
212,shop,585,645,60
212,home,645,1440,795
213,home,0,405,405
213,shop,405,495,90
213,leisure,495,975,480
213,home,975,1440,465
214,home,0,390,390
214,work,390,1140,750
214,home,1140,1440,300
215,home,0,405,405
215,work,405,825,420
215,shop,825,870,45
215,home,870,1440,570
216,home,0,435,435
216,leisure,435,660,225
216,shop,660,750,90
216,home,750,1440,690
217,home,0,375,375
217,work,375,795,420
217,shop,795,825,30
217,work,825,945,120
217,shop,945,960,15
217,home,960,1440,480
218,home,0,390,390
218,leisure,390,465,75
218,shop,465,690,225
218,home,690,870,180
218,shop,870,930,60
218,home,930,1440,510
219,home,0,375,375
219,work,375,795,420
219,shop,795,885,90
219,work,885,1170,285
219,leisure,1170,1185,15
219,work,1185,1200,15
219,home,1200,1440,240
220,home,0,390,390
220,shop,390,450,60
220,leisure,450,1035,585
220,home,1035,1440,405
221,home,0,375,375
221,work,375,750,375
221,shop,750,765,15
221,work,765,1050,285
221,leisure,1050,1095,45
221,work,1095,1155,60
221,leisure,1155,1170,15
221,home,1170,1440,270
222,home,0,390,390
222,shop,390,540,150
222,leisure,540,975,435
222,home,975,1440,465
223,home,0,375,375
223,shop,375,480,105
223,leisure,480,975,495
223,home,975,1440,465
224,home,0,405,405
224,shop,405,480,75
224,home,480,645,165
224,leisure,645,975,330
224,home,975,1440,465
225,home,0,375,375
225,leisure,375,645,270
225,shop,645,795,150
225,home,795,1440,645
226,home,0,375,375
226,shop,375,450,75
226,home,450,600,150
226,leisure,600,750,150
226,home,750,1440,690
227,home,0,390,390
227,shop,390,465,75
227,leisure,465,1005,540
227,home,1005,1440,435
228,home,0,375,375
228,work,375,765,390
228,shop,765,810,45
228,work,810,1125,315
228,leisure,1125,1140,15
228,work,1140,1170,30
228,home,1170,1440,270
229,home,0,390,390
229,work,390,795,405
229,shop,795,810,15
229,work,810,1005,195
229,leisure,1005,1020,15
229,work,1020,1035,15
229,leisure,1035,1065,30
229,work,1065,1080,15
229,shop,1080,1095,15
229,home,1095,1440,345
230,home,0,375,375
230,work,375,1110,735
230,home,1110,1440,330
231,home,0,405,405
231,leisure,405,465,60
231,shop,465,615,150
231,home,615,660,45
231,leisure,660,825,165
231,home,825,1440,615
232,home,0,375,375
232,shop,375,480,105
232,leisure,480,1005,525
232,home,1005,1440,435
233,home,0,390,390
233,shop,390,495,105
233,leisure,495,990,495
233,home,990,1440,450
234,home,0,375,375
234,work,375,795,420
234,shop,795,825,30
234,work,825,1140,315
234,leisure,1140,1155,15
234,work,1155,1200,45
234,home,1200,1440,240
235,home,0,375,375
235,work,375,1155,780
235,home,1155,1440,285
236,home,0,390,390
236,shop,390,495,105
236,leisure,495,990,495
236,home,990,1440,450
237,home,0,405,405
237,shop,405,465,60
237,leisure,465,1020,555
237,home,1020,1440,420
238,home,0,375,375
238,work,375,1050,675
238,education,1050,1080,30
238,home,1080,1440,360
239,home,0,390,390
239,leisure,390,480,90
239,shop,480,630,150
239,home,630,660,30
239,leisure,660,795,135
239,home,795,1440,645
240,home,0,375,375
240,shop,375,435,60
240,leisure,435,1005,570
240,home,1005,1440,435
241,home,0,375,375
241,leisure,375,480,105
241,shop,480,555,75
241,home,555,1440,885
242,home,0,390,390
242,shop,390,450,60
242,leisure,450,1020,570
242,home,1020,1440,420
243,home,0,375,375
243,leisure,375,585,210
243,shop,585,705,120
243,home,705,1440,735
244,home,0,390,390
244,work,390,810,420
244,shop,810,885,75
244,home,885,1440,555
245,home,0,405,405
245,shop,405,465,60
245,leisure,465,990,525
245,home,990,1440,450
246,home,0,390,390
246,work,390,810,420
246,shop,810,870,60
246,home,870,1440,570
247,home,0,375,375
247,work,375,795,420
247,shop,795,825,30
247,work,825,915,90
247,shop,915,960,45
247,home,960,1440,480
248,home,0,375,375
248,work,375,1080,705
248,home,1080,1440,360
249,home,0,375,375
249,leisure,375,630,255
249,shop,630,960,330
249,home,960,1440,480
250,home,0,375,375
250,work,375,1140,765
250,home,1140,1440,300
251,home,0,375,375
251,work,375,1155,780
251,home,1155,1440,285
252,home,0,435,435
252,leisure,435,495,60
252,shop,495,675,180
252,home,675,720,45
252,leisure,720,765,45
252,home,765,1440,675
253,home,0,375,375
253,shop,375,435,60
253,leisure,435,1005,570
253,home,1005,1440,435
254,home,0,375,375
254,work,375,1185,810
254,home,1185,1440,255
255,home,0,375,375
255,work,375,1080,705
255,home,1080,1440,360
256,home,0,375,375
256,shop,375,435,60
256,leisure,435,975,540
256,home,975,1440,465
257,home,0,390,390
257,shop,390,405,15
257,home,405,540,135
257,leisure,540,690,150
257,shop,690,735,45
257,home,735,885,150
257,shop,885,945,60
257,home,945,1440,495
258,home,0,375,375
258,shop,375,480,105
258,leisure,480,990,510
258,home,990,1440,450
259,home,0,405,405
259,shop,405,465,60
259,leisure,465,540,75
259,shop,540,855,315
259,home,855,1440,585
260,home,0,405,405
260,shop,405,465,60
260,leisure,465,1020,555
260,home,1020,1440,420
261,home,0,405,405
261,shop,405,465,60
261,leisure,465,975,510
261,home,975,1440,465
262,home,0,390,390
262,work,390,1140,750
262,home,1140,1440,300
263,home,0,375,375
263,shop,375,450,75
263,leisure,450,990,540
263,home,990,1440,450
264,home,0,375,375
264,work,375,765,390
264,shop,765,795,30
264,work,795,1110,315
264,shop,1110,1125,15
264,home,1125,1440,315
265,home,0,375,375
265,shop,375,465,90
265,leisure,465,1005,540
265,home,1005,1440,435
266,home,0,390,390
266,leisure,390,525,135
266,shop,525,780,255
266,home,780,1440,660
267,home,0,375,375
267,leisure,375,555,180
267,shop,555,765,210
267,home,765,1440,675
268,home,0,390,390
268,work,390,1080,690
268,home,1080,1440,360
269,home,0,375,375
269,work,375,1185,810
269,home,1185,1440,255
270,home,0,375,375
270,shop,375,435,60
270,leisure,435,1020,585
270,home,1020,1440,420
271,home,0,390,390
271,work,390,1095,705
271,education,1095,1110,15
271,home,1110,1440,330
272,home,0,375,375
272,work,375,1080,705
272,leisure,1080,1140,60
272,home,1140,1440,300
273,home,0,420,420
273,shop,420,480,60
273,leisure,480,990,510
273,home,990,1440,450
274,home,0,390,390
274,shop,390,435,45
274,leisure,435,585,150
274,shop,585,720,135
274,home,720,1440,720
275,home,0,375,375
275,shop,375,480,105
275,leisure,480,975,495
275,home,975,1440,465
276,home,0,375,375
276,work,375,780,405
276,shop,780,810,30
276,work,810,1140,330
276,leisure,1140,1155,15
276,home,1155,1440,285
277,home,0,390,390
277,shop,390,450,60
277,leisure,450,1020,570
277,home,1020,1440,420
278,home,0,375,375
278,work,375,1155,780
278,home,1155,1440,285
279,home,0,390,390
279,shop,390,465,75
279,leisure,465,990,525
279,home,990,1440,450
280,home,0,405,405
280,shop,405,495,90
280,leisure,495,780,285
280,home,780,975,195
280,shop,975,990,15
280,home,990,1440,450
281,home,0,375,375
281,work,375,780,405
281,shop,780,810,30
281,work,810,1155,345
281,leisure,1155,1185,30
281,work,1185,1200,15
281,leisure,1200,1215,15
281,work,1215,1230,15
281,leisure,1230,1245,15
281,work,1245,1260,15
281,leisure,1260,1275,15
281,work,1275,1290,15
281,home,1290,1440,150
282,home,0,390,390
282,shop,390,480,90
282,leisure,480,990,510
282,home,990,1440,450
283,home,0,375,375
283,leisure,375,480,105
283,shop,480,705,225
283,home,705,720,15
283,leisure,720,780,60
283,home,780,1440,660
284,home,0,375,375
284,leisure,375,450,75
284,shop,450,795,345
284,home,795,1440,645
285,home,0,375,375
285,shop,375,435,60
285,leisure,435,990,555
285,home,990,1440,450
286,home,0,375,375
286,shop,375,495,120
286,leisure,495,975,480
286,home,975,1440,465
287,home,0,375,375
287,shop,375,435,60
287,leisure,435,825,390
287,home,825,1440,615
288,home,0,390,390
288,shop,390,450,60
288,leisure,450,525,75
288,shop,525,675,150
288,home,675,1440,765
289,home,0,375,375
289,shop,375,570,195
289,leisure,570,990,420
289,home,990,1440,450
290,home,0,405,405
290,shop,405,465,60
290,leisure,465,945,480
290,home,945,1440,495
291,home,0,375,375
291,work,375,795,420
291,education,795,975,180
291,home,975,1155,180
291,leisure,1155,1185,30
291,home,1185,1440,255
292,home,0,390,390
292,shop,390,450,60
292,leisure,450,1065,615
292,home,1065,1440,375
293,home,0,405,405
293,leisure,405,585,180
293,shop,585,705,120
293,home,705,1440,735
294,home,0,375,375
294,work,375,795,420
294,shop,795,855,60
294,home,855,1440,585
295,home,0,405,405
295,shop,405,480,75
295,leisure,480,600,120
295,shop,600,825,225
295,home,825,1440,615
296,home,0,405,405
296,shop,405,465,60
296,leisure,465,1020,555
296,home,1020,1440,420
297,home,0,390,390
297,shop,390,465,75
297,leisure,465,900,435
297,home,900,1440,540
298,home,0,420,420
298,shop,420,540,120
298,home,540,660,120
298,leisure,660,795,135
298,home,795,1440,645
299,home,0,375,375
299,work,375,795,420
299,shop,795,870,75
299,home,870,1440,570
300,home,0,375,375
300,work,375,1110,735
300,home,1110,1440,330
301,home,0,375,375
301,shop,375,465,90
301,leisure,465,975,510
301,home,975,1440,465
302,home,0,390,390
302,shop,390,450,60
302,leisure,450,1035,585
302,home,1035,1440,405
303,home,0,405,405
303,shop,405,465,60
303,leisure,465,990,525
303,home,990,1440,450
304,home,0,375,375
304,shop,375,435,60
304,leisure,435,990,555
304,home,990,1440,450
305,home,0,405,405
305,work,405,840,435
305,home,840,1440,600
306,home,0,375,375
306,shop,375,435,60
306,leisure,435,990,555
306,home,990,1440,450
307,home,0,390,390
307,work,390,1110,720
307,home,1110,1440,330
308,home,0,420,420
308,shop,420,510,90
308,leisure,510,990,480
308,home,990,1440,450
309,home,0,390,390
309,leisure,390,480,90
309,shop,480,585,105
309,home,585,1440,855
310,home,0,390,390
310,work,390,750,360
310,shop,750,810,60
310,work,810,1095,285
310,leisure,1095,1110,15
310,work,1110,1155,45
310,home,1155,1440,285
311,home,0,390,390
311,shop,390,450,60
311,leisure,450,975,525
311,home,975,1440,465
312,home,0,390,390
312,work,390,1110,720
312,home,1110,1440,330
313,home,0,375,375
313,shop,375,435,60
313,leisure,435,990,555
313,home,990,1440,450
314,home,0,375,375
314,work,375,1110,735
314,home,1110,1440,330
315,home,0,375,375
315,shop,375,465,90
315,leisure,465,990,525
315,home,990,1440,450
316,home,0,375,375
316,work,375,795,420
316,shop,795,855,60
316,work,855,1155,300
316,leisure,1155,1170,15
316,work,1170,1200,30
316,home,1200,1440,240
317,home,0,375,375
317,shop,375,450,75
317,leisure,450,975,525
317,home,975,1440,465
318,home,0,375,375
318,shop,375,450,75
318,leisure,450,825,375
318,home,825,1440,615
319,home,0,375,375
319,work,375,930,555
319,home,930,1440,510
320,home,0,375,375
320,work,375,1080,705
320,home,1080,1440,360
321,home,0,390,390
321,shop,390,450,60
321,leisure,450,975,525
321,home,975,1440,465
322,home,0,375,375
322,work,375,795,420
322,shop,795,855,60
322,work,855,1170,315
322,home,1170,1440,270
323,home,0,420,420
323,shop,420,480,60
323,leisure,480,765,285
323,home,765,1440,675
324,home,0,375,375
324,shop,375,435,60
324,leisure,435,975,540
324,shop,975,990,15
324,home,990,1440,450
325,home,0,375,375
325,work,375,795,420
325,shop,795,870,75
325,home,870,1440,570
326,home,0,375,375
326,work,375,1065,690
326,home,1065,1440,375
327,home,0,405,405
327,work,405,1005,600
327,education,1005,1080,75
327,home,1080,1440,360
328,home,0,390,390
328,shop,390,465,75
328,leisure,465,990,525
328,home,990,1440,450
329,home,0,390,390
329,shop,390,465,75
329,leisure,465,990,525
329,home,990,1440,450
330,home,0,420,420
330,leisure,420,660,240
330,shop,660,795,135
330,home,795,1440,645
331,home,0,375,375
331,shop,375,435,60
331,leisure,435,1005,570
331,home,1005,1440,435
332,home,0,405,405
332,shop,405,465,60
332,leisure,465,1005,540
332,home,1005,1440,435
333,home,0,375,375
333,shop,375,435,60
333,leisure,435,990,555
333,home,990,1440,450
334,home,0,375,375
334,work,375,795,420
334,shop,795,870,75
334,home,870,1440,570
335,home,0,375,375
335,work,375,1080,705
335,home,1080,1440,360
336,home,0,390,390
336,shop,390,465,75
336,leisure,465,975,510
336,home,975,1440,465
337,home,0,390,390
337,shop,390,405,15
337,work,405,1140,735
337,leisure,1140,1200,60
337,home,1200,1440,240
338,home,0,390,390
338,shop,390,435,45
338,leisure,435,1005,570
338,home,1005,1440,435
339,home,0,375,375
339,shop,375,495,120
339,leisure,495,990,495
339,home,990,1440,450
340,home,0,390,390
340,work,390,1140,750
340,home,1140,1440,300
341,home,0,405,405
341,shop,405,465,60
341,leisure,465,990,525
341,home,990,1440,450
342,home,0,375,375
342,work,375,825,450
342,education,825,960,135
342,shop,960,975,15
342,home,975,1440,465
343,home,0,375,375
343,work,375,1095,720
343,education,1095,1110,15
343,home,1110,1440,330
344,home,0,375,375
344,work,375,750,375
344,shop,750,765,15
344,work,765,1125,360
344,shop,1125,1140,15
344,home,1140,1440,300
345,home,0,375,375
345,shop,375,435,60
345,leisure,435,990,555
345,home,990,1440,450
346,home,0,375,375
346,work,375,795,420
346,shop,795,855,60
346,home,855,1440,585
347,home,0,375,375
347,shop,375,465,90
347,leisure,465,975,510
347,home,975,1440,465
348,home,0,375,375
348,work,375,1140,765
348,home,1140,1440,300
349,home,0,390,390
349,shop,390,465,75
349,leisure,465,990,525
349,home,990,1440,450
350,home,0,375,375
350,shop,375,435,60
350,home,435,570,135
350,leisure,570,765,195
350,home,765,1440,675
351,home,0,375,375
351,work,375,795,420
351,shop,795,855,60
351,home,855,1065,210
351,leisure,1065,1080,15
351,home,1080,1440,360
352,home,0,390,390
352,shop,390,465,75
352,leisure,465,990,525
352,home,990,1440,450
353,home,0,390,390
353,shop,390,450,60
353,leisure,450,1005,555
353,home,1005,1440,435
354,home,0,375,375
354,work,375,1170,795
354,home,1170,1440,270
355,home,0,390,390
355,shop,390,450,60
355,leisure,450,1005,555
355,home,1005,1440,435
356,home,0,375,375
356,work,375,795,420
356,shop,795,855,60
356,home,855,1440,585
357,home,0,375,375
357,shop,375,465,90
357,leisure,465,975,510
357,home,975,1440,465
358,home,0,390,390
358,leisure,390,555,165
358,shop,555,615,60
358,home,615,1440,825
359,home,0,375,375
359,work,375,975,600
359,leisure,975,1020,45
359,home,1020,1440,420
360,home,0,390,390
360,shop,390,450,60
360,leisure,450,990,540
360,home,990,1440,450
361,home,0,405,405
361,leisure,405,495,90
361,shop,495,600,105
361,home,600,1440,840
362,home,0,375,375
362,shop,375,450,75
362,leisure,450,990,540
362,home,990,1440,450
363,home,0,375,375
363,shop,375,435,60
363,home,435,615,180
363,leisure,615,990,375
363,home,990,1440,450
364,home,0,375,375
364,work,375,765,390
364,shop,765,780,15
364,work,780,1005,225
364,shop,1005,1020,15
364,home,1020,1440,420
365,home,0,420,420
365,shop,420,480,60
365,leisure,480,1035,555
365,home,1035,1440,405
366,home,0,405,405
366,leisure,405,510,105
366,shop,510,600,90
366,home,600,1050,450
366,leisure,1050,1140,90
366,home,1140,1440,300
367,home,0,390,390
367,shop,390,480,90
367,leisure,480,990,510
367,home,990,1440,450
368,home,0,405,405
368,shop,405,510,105
368,leisure,510,1065,555
368,home,1065,1440,375
369,home,0,390,390
369,shop,390,480,90
369,leisure,480,990,510
369,home,990,1440,450
370,home,0,390,390
370,shop,390,465,75
370,leisure,465,1080,615
370,home,1080,1440,360
371,home,0,405,405
371,shop,405,465,60
371,home,465,570,105
371,leisure,570,750,180
371,home,750,1440,690
372,home,0,390,390
372,shop,390,495,105
372,leisure,495,975,480
372,home,975,1440,465
373,home,0,375,375
373,work,375,1125,750
373,home,1125,1440,315
374,home,0,375,375
374,work,375,1155,780
374,home,1155,1440,285
375,home,0,390,390
375,shop,390,525,135
375,leisure,525,990,465
375,home,990,1440,450
376,home,0,375,375
376,work,375,1140,765
376,home,1140,1440,300
377,home,0,405,405
377,shop,405,465,60
377,leisure,465,1005,540
377,home,1005,1440,435
378,home,0,375,375
378,shop,375,405,30
378,home,405,585,180
378,shop,585,660,75
378,leisure,660,960,300
378,shop,960,975,15
378,home,975,1440,465
379,home,0,405,405
379,shop,405,480,75
379,leisure,480,1020,540
379,home,1020,1440,420
380,home,0,375,375
380,shop,375,495,120
380,home,495,645,150
380,leisure,645,975,330
380,home,975,1440,465
381,home,0,375,375
381,work,375,780,405
381,shop,780,795,15
381,work,795,1110,315
381,leisure,1110,1125,15
381,work,1125,1185,60
381,home,1185,1440,255
382,home,0,390,390
382,shop,390,480,90
382,leisure,480,990,510
382,home,990,1440,450
383,home,0,375,375
383,work,375,795,420
383,shop,795,870,75
383,work,870,1080,210
383,leisure,1080,1095,15
383,work,1095,1155,60
383,leisure,1155,1170,15
383,work,1170,1185,15
383,home,1185,1440,255
384,home,0,375,375
384,shop,375,450,75
384,leisure,450,1005,555
384,home,1005,1440,435
385,home,0,375,375
385,leisure,375,570,195
385,shop,570,960,390
385,home,960,1440,480
386,home,0,390,390
386,work,390,1185,795
386,home,1185,1440,255
387,home,0,420,420
387,shop,420,525,105
387,leisure,525,1005,480
387,home,1005,1440,435
388,home,0,375,375
388,shop,375,465,90
388,leisure,465,990,525
388,home,990,1440,450
389,home,0,375,375
389,shop,375,465,90
389,leisure,465,975,510
389,home,975,1440,465
390,home,0,375,375
390,work,375,945,570
390,home,945,1440,495
391,home,0,420,420
391,leisure,420,525,105
391,shop,525,840,315
391,home,840,1440,600
392,home,0,390,390
392,work,390,810,420
392,shop,810,870,60
392,home,870,1440,570
393,home,0,375,375
393,shop,375,450,75
393,leisure,450,975,525
393,home,975,1440,465
394,home,0,420,420
394,shop,420,525,105
394,leisure,525,990,465
394,home,990,1440,450
395,home,0,375,375
395,leisure,375,540,165
395,shop,540,615,75
395,home,615,1440,825
396,home,0,420,420
396,shop,420,540,120
396,leisure,540,990,450
396,home,990,1440,450
397,home,0,390,390
397,work,390,1020,630
397,education,1020,1065,45
397,home,1065,1440,375
398,home,0,375,375
398,work,375,1200,825
398,home,1200,1440,240
399,home,0,375,375
399,work,375,795,420
399,shop,795,855,60
399,home,855,1440,585
400,home,0,405,405
400,leisure,405,615,210
400,shop,615,840,225
400,home,840,1440,600
401,home,0,375,375
401,leisure,375,675,300
401,shop,675,915,240
401,home,915,1440,525
402,home,0,390,390
402,leisure,390,570,180
402,shop,570,840,270
402,home,840,1440,600
403,home,0,375,375
403,work,375,810,435
403,shop,810,870,60
403,home,870,1440,570
404,home,0,375,375
404,work,375,795,420
404,shop,795,855,60
404,work,855,1155,300
404,leisure,1155,1185,30
404,work,1185,1200,15
404,home,1200,1440,240
405,home,0,390,390
405,leisure,390,600,210
405,shop,600,945,345
405,home,945,1440,495
406,home,0,435,435
406,shop,435,510,75
406,leisure,510,975,465
406,home,975,1440,465
407,home,0,375,375
407,shop,375,450,75
407,leisure,450,975,525
407,home,975,1440,465
408,home,0,375,375
408,work,375,795,420
408,shop,795,855,60
408,home,855,1440,585
409,home,0,375,375
409,shop,375,465,90
409,leisure,465,990,525
409,home,990,1440,450
410,home,0,390,390
410,shop,390,450,60
410,home,450,600,150
410,leisure,600,750,150
410,home,750,1440,690
411,home,0,405,405
411,shop,405,465,60
411,home,465,630,165
411,leisure,630,975,345
411,home,975,1440,465
412,home,0,390,390
412,shop,390,465,75
412,leisure,465,990,525
412,home,990,1440,450
413,home,0,390,390
413,work,390,1155,765
413,home,1155,1440,285
414,home,0,375,375
414,work,375,810,435
414,education,810,945,135
414,shop,945,960,15
414,home,960,1440,480
415,home,0,375,375
415,work,375,1080,705
415,shop,1080,1095,15
415,home,1095,1440,345
416,home,0,390,390
416,work,390,825,435
416,shop,825,885,60
416,home,885,1440,555
417,home,0,375,375
417,shop,375,450,75
417,leisure,450,990,540
417,home,990,1440,450
418,home,0,390,390
418,shop,390,450,60
418,leisure,450,1005,555
418,home,1005,1440,435
419,home,0,420,420
419,shop,420,495,75
419,home,495,645,150
419,leisure,645,930,285
419,home,930,1440,510
420,home,0,375,375
420,leisure,375,495,120
420,shop,495,705,210
420,home,705,1440,735
421,home,0,405,405
421,shop,405,465,60
421,leisure,465,1020,555
421,home,1020,1440,420
422,home,0,375,375
422,leisure,375,465,90
422,shop,465,765,300
422,home,765,1440,675
423,home,0,375,375
423,shop,375,435,60
423,leisure,435,990,555
423,home,990,1440,450
424,home,0,420,420
424,leisure,420,540,120
424,shop,540,690,150
424,home,690,1440,750
425,home,0,390,390
425,work,390,1065,675
425,leisure,1065,1080,15
425,home,1080,1440,360
426,home,0,390,390
426,work,390,1110,720
426,home,1110,1440,330
427,home,0,420,420
427,leisure,420,570,150
427,shop,570,630,60
427,leisure,630,990,360
427,home,990,1440,450
428,home,0,390,390
428,shop,390,480,90
428,leisure,480,990,510
428,home,990,1440,450
429,home,0,405,405
429,shop,405,525,120
429,leisure,525,975,450
429,home,975,1440,465
430,home,0,390,390
430,shop,390,480,90
430,home,480,615,135
430,leisure,615,855,240
430,home,855,1440,585
431,home,0,390,390
431,work,390,900,510
431,home,900,1440,540
432,home,0,390,390
432,leisure,390,495,105
432,shop,495,810,315
432,home,810,1440,630
433,home,0,375,375
433,leisure,375,660,285
433,shop,660,840,180
433,home,840,1440,600
434,home,0,375,375
434,leisure,375,585,210
434,shop,585,720,135
434,home,720,1440,720
435,home,0,375,375
435,work,375,1035,660
435,home,1035,1440,405
436,home,0,390,390
436,leisure,390,510,120
436,shop,510,585,75
436,home,585,765,180
436,leisure,765,990,225
436,home,990,1440,450
437,home,0,375,375
437,shop,375,465,90
437,leisure,465,780,315
437,shop,780,870,90
437,home,870,1440,570
438,home,0,390,390
438,shop,390,420,30
438,leisure,420,630,210
438,shop,630,855,225
438,home,855,1440,585
439,home,0,375,375
439,work,375,1050,675
439,home,1050,1440,390
440,home,0,375,375
440,work,375,1125,750
440,leisure,1125,1170,45
440,home,1170,1440,270
441,home,0,390,390
441,leisure,390,780,390
441,shop,780,960,180
441,home,960,1440,480
442,home,0,390,390
442,leisure,390,525,135
442,shop,525,585,60
442,home,585,810,225
442,leisure,810,1005,195
442,home,1005,1440,435
443,home,0,390,390
443,work,390,1140,750
443,home,1140,1440,300
444,home,0,390,390
444,shop,390,465,75
444,leisure,465,990,525
444,home,990,1440,450
445,home,0,375,375
445,shop,375,465,90
445,leisure,465,975,510
445,home,975,1440,465
446,home,0,390,390
446,work,390,1125,735
446,home,1125,1440,315
447,home,0,375,375
447,work,375,1125,750
447,home,1125,1440,315
448,home,0,390,390
448,shop,390,465,75
448,home,465,570,105
448,leisure,570,915,345
448,home,915,1440,525
449,home,0,375,375
449,work,375,780,405
449,education,780,915,135
449,shop,915,960,45
449,home,960,1440,480
450,home,0,375,375
450,work,375,1050,675
450,home,1050,1440,390
451,home,0,405,405
451,shop,405,480,75
451,leisure,480,990,510
451,home,990,1440,450
452,home,0,390,390
452,shop,390,465,75
452,leisure,465,750,285
452,shop,750,930,180
452,home,930,1440,510
453,home,0,375,375
453,work,375,1125,750
453,leisure,1125,1170,45
453,home,1170,1440,270
454,home,0,405,405
454,shop,405,495,90
454,leisure,495,990,495
454,home,990,1440,450
455,home,0,420,420
455,shop,420,480,60
455,leisure,480,1020,540
455,home,1020,1440,420
456,home,0,375,375
456,work,375,1125,750
456,home,1125,1440,315
457,home,0,375,375
457,work,375,795,420
457,shop,795,900,105
457,home,900,1440,540
458,home,0,390,390
458,shop,390,525,135
458,leisure,525,1020,495
458,home,1020,1440,420
459,home,0,375,375
459,work,375,795,420
459,education,795,930,135
459,shop,930,960,30
459,home,960,1440,480
460,home,0,405,405
460,shop,405,510,105
460,leisure,510,1035,525
460,home,1035,1440,405
461,home,0,375,375
461,leisure,375,690,315
461,shop,690,870,180
461,home,870,1440,570
462,home,0,375,375
462,work,375,1020,645
462,shop,1020,1035,15
462,home,1035,1440,405
463,home,0,375,375
463,work,375,1125,750
463,home,1125,1440,315
464,home,0,405,405
464,leisure,405,690,285
464,shop,690,795,105
464,home,795,1440,645
465,home,0,375,375
465,work,375,795,420
465,shop,795,825,30
465,home,825,1440,615
466,home,0,435,435
466,shop,435,495,60
466,leisure,495,1005,510
466,home,1005,1440,435
467,home,0,375,375
467,work,375,1140,765
467,home,1140,1440,300
468,home,0,390,390
468,shop,390,465,75
468,home,465,615,150
468,leisure,615,840,225
468,home,840,1440,600
469,home,0,375,375
469,shop,375,435,60
469,leisure,435,1005,570
469,home,1005,1440,435
470,home,0,435,435
470,shop,435,540,105
470,leisure,540,675,135
470,shop,675,960,285
470,home,960,1440,480
471,home,0,375,375
471,leisure,375,465,90
471,shop,465,735,270
471,home,735,1440,705
472,home,0,375,375
472,work,375,1140,765
472,home,1140,1440,300
473,home,0,375,375
473,shop,375,465,90
473,leisure,465,990,525
473,home,990,1440,450
474,home,0,375,375
474,work,375,1035,660
474,shop,1035,1050,15
474,home,1050,1440,390
475,home,0,375,375
475,work,375,780,405
475,shop,780,810,30
475,work,810,1140,330
475,home,1140,1440,300
476,home,0,405,405
476,shop,405,465,60
476,leisure,465,975,510
476,home,975,1440,465
477,home,0,405,405
477,shop,405,495,90
477,leisure,495,990,495
477,home,990,1440,450
478,home,0,390,390
478,shop,390,450,60
478,leisure,450,1020,570
478,home,1020,1440,420
479,home,0,405,405
479,leisure,405,525,120
479,shop,525,660,135
479,home,660,1440,780
480,home,0,420,420
480,shop,420,555,135
480,leisure,555,1005,450
480,home,1005,1440,435
481,home,0,390,390
481,work,390,1005,615
481,education,1005,1080,75
481,home,1080,1440,360
482,home,0,390,390
482,work,390,810,420
482,shop,810,885,75
482,work,885,1065,180
482,leisure,1065,1080,15
482,work,1080,1140,60
482,leisure,1140,1155,15
482,work,1155,1170,15
482,leisure,1170,1185,15
482,work,1185,1200,15
482,leisure,1200,1215,15
482,home,1215,1440,225
483,home,0,375,375
483,shop,375,450,75
483,leisure,450,1020,570
483,home,1020,1440,420
484,home,0,390,390
484,shop,390,645,255
484,leisure,645,975,330
484,home,975,1440,465
485,home,0,375,375
485,shop,375,480,105
485,leisure,480,975,495
485,home,975,1440,465
486,home,0,375,375
486,work,375,780,405
486,shop,780,810,30
486,work,810,1080,270
486,leisure,1080,1095,15
486,work,1095,1170,75
486,home,1170,1440,270
487,home,0,375,375
487,work,375,1155,780
487,home,1155,1440,285
488,home,0,375,375
488,work,375,765,390
488,shop,765,780,15
488,work,780,1035,255
488,leisure,1035,1050,15
488,work,1050,1065,15
488,shop,1065,1080,15
488,home,1080,1440,360
489,home,0,375,375
489,work,375,1155,780
489,home,1155,1440,285
490,home,0,375,375
490,leisure,375,525,150
490,shop,525,660,135
490,home,660,1440,780
491,home,0,390,390
491,shop,390,465,75
491,leisure,465,990,525
491,home,990,1440,450
492,home,0,375,375
492,work,375,1125,750
492,home,1125,1440,315
493,home,0,390,390
493,shop,390,465,75
493,leisure,465,990,525
493,home,990,1440,450
494,home,0,420,420
494,shop,420,480,60
494,leisure,480,975,495
494,home,975,1440,465
495,home,0,420,420
495,shop,420,540,120
495,leisure,540,975,435
495,home,975,1440,465
496,home,0,405,405
496,leisure,405,645,240
496,shop,645,735,90
496,leisure,735,975,240
496,home,975,1440,465
497,home,0,390,390
497,work,390,810,420
497,shop,810,870,60
497,work,870,1170,300
497,leisure,1170,1215,45
497,work,1215,1230,15
497,home,1230,1440,210
498,home,0,390,390
498,work,390,1155,765
498,home,1155,1440,285
499,home,0,375,375
499,work,375,1125,750
499,home,1125,1440,315
500,home,0,390,390
500,shop,390,495,105
500,leisure,495,810,315
500,home,810,1440,630
501,home,0,390,390
501,work,390,795,405
501,shop,795,840,45
501,work,840,1125,285
501,leisure,1125,1140,15
501,work,1140,1185,45
501,home,1185,1440,255
502,home,0,390,390
502,shop,390,465,75
502,leisure,465,975,510
502,home,975,1440,465
503,home,0,375,375
503,shop,375,435,60
503,leisure,435,1005,570
503,home,1005,1440,435
504,home,0,390,390
504,shop,390,450,60
504,leisure,450,975,525
504,home,975,1440,465
505,home,0,405,405
505,shop,405,510,105
505,leisure,510,1005,495
505,home,1005,1440,435
506,home,0,390,390
506,shop,390,480,90
506,leisure,480,975,495
506,home,975,1440,465
507,home,0,390,390
507,shop,390,405,15
507,work,405,1110,705
507,home,1110,1440,330
508,home,0,390,390
508,shop,390,450,60
508,leisure,450,990,540
508,home,990,1440,450
509,home,0,375,375
509,shop,375,585,210
509,leisure,585,1005,420
509,home,1005,1440,435
510,home,0,375,375
510,work,375,795,420
510,shop,795,855,60
510,work,855,1170,315
510,leisure,1170,1200,30
510,work,1200,1215,15
510,home,1215,1440,225
511,home,0,420,420
511,shop,420,495,75
511,home,495,570,75
511,leisure,570,795,225
511,home,795,1440,645
512,home,0,375,375
512,work,375,1155,780
512,home,1155,1440,285
513,home,0,375,375
513,shop,375,435,60
513,leisure,435,1020,585
513,home,1020,1440,420
514,home,0,390,390
514,leisure,390,510,120
514,shop,510,930,420
514,home,930,1440,510
515,home,0,375,375
515,work,375,780,405
515,shop,780,840,60
515,work,840,1005,165
515,leisure,1005,1020,15
515,work,1020,1140,120
515,home,1140,1440,300
516,home,0,390,390
516,shop,390,450,60
516,leisure,450,990,540
516,home,990,1440,450
517,home,0,375,375
517,work,375,795,420
517,shop,795,855,60
517,work,855,1110,255
517,leisure,1110,1125,15
517,work,1125,1155,30
517,leisure,1155,1170,15
517,work,1170,1200,30
517,leisure,1200,1215,15
517,work,1215,1230,15
517,leisure,1230,1245,15
517,home,1245,1440,195
518,home,0,375,375
518,leisure,375,570,195
518,shop,570,690,120
518,home,690,1440,750
519,home,0,375,375
519,shop,375,420,45
519,leisure,420,690,270
519,shop,690,810,120
519,home,810,1440,630
520,home,0,405,405
520,shop,405,495,90
520,leisure,495,990,495
520,home,990,1440,450
521,home,0,390,390
521,shop,390,450,60
521,leisure,450,975,525
521,home,975,1440,465
522,home,0,390,390
522,leisure,390,540,150
522,shop,540,690,150
522,home,690,1440,750
523,home,0,405,405
523,shop,405,480,75
523,leisure,480,1020,540
523,home,1020,1440,420
524,home,0,405,405
524,shop,405,480,75
524,leisure,480,1005,525
524,home,1005,1440,435
525,home,0,405,405
525,shop,405,465,60
525,leisure,465,975,510
525,home,975,1440,465
526,home,0,375,375
526,work,375,1125,750
526,home,1125,1440,315
527,home,0,390,390
527,shop,390,405,15
527,work,405,1125,720
527,home,1125,1440,315
528,home,0,390,390
528,shop,390,450,60
528,home,450,615,165
528,leisure,615,975,360
528,home,975,1440,465
529,home,0,405,405
529,shop,405,465,60
529,leisure,465,975,510
529,home,975,1440,465
530,home,0,375,375
530,work,375,795,420
530,shop,795,885,90
530,home,885,1440,555
531,home,0,390,390
531,work,390,1140,750
531,home,1140,1440,300
532,home,0,390,390
532,leisure,390,525,135
532,shop,525,780,255
532,home,780,1440,660
533,home,0,375,375
533,work,375,1050,675
533,education,1050,1065,15
533,home,1065,1440,375
534,home,0,390,390
534,shop,390,480,90
534,leisure,480,975,495
534,home,975,1440,465
535,home,0,390,390
535,shop,390,465,75
535,leisure,465,1005,540
535,home,1005,1440,435
536,home,0,390,390
536,shop,390,450,60
536,leisure,450,1005,555
536,home,1005,1440,435
537,home,0,375,375
537,work,375,795,420
537,shop,795,855,60
537,home,855,1440,585
538,home,0,375,375
538,work,375,795,420
538,shop,795,855,60
538,home,855,1440,585
539,home,0,390,390
539,shop,390,465,75
539,leisure,465,1020,555
539,home,1020,1440,420
540,home,0,375,375
540,work,375,765,390
540,shop,765,780,15
540,work,780,1005,225
540,leisure,1005,1020,15
540,work,1020,1050,30
540,shop,1050,1065,15
540,home,1065,1440,375
541,home,0,375,375
541,work,375,795,420
541,shop,795,855,60
541,work,855,1155,300
541,leisure,1155,1185,30
541,work,1185,1200,15
541,leisure,1200,1215,15
541,home,1215,1440,225
542,home,0,375,375
542,shop,375,465,90
542,leisure,465,990,525
542,home,990,1440,450
543,home,0,405,405
543,shop,405,465,60
543,leisure,465,990,525
543,home,990,1440,450
544,home,0,375,375
544,work,375,1155,780
544,home,1155,1440,285
545,home,0,375,375
545,work,375,765,390
545,education,765,885,120
545,work,885,1200,315
545,leisure,1200,1215,15
545,work,1215,1230,15
545,home,1230,1440,210
546,home,0,375,375
546,work,375,1050,675
546,home,1050,1440,390
547,home,0,405,405
547,shop,405,465,60
547,home,465,630,165
547,leisure,630,975,345
547,home,975,1440,465
548,home,0,390,390
548,leisure,390,555,165
548,shop,555,750,195
548,home,750,1440,690
549,home,0,390,390
549,leisure,390,480,90
549,shop,480,660,180
549,home,660,1440,780
550,home,0,390,390
550,work,390,795,405
550,shop,795,825,30
550,work,825,1125,300
550,leisure,1125,1140,15
550,work,1140,1155,15
550,leisure,1155,1170,15
550,work,1170,1200,30
550,leisure,1200,1215,15
550,work,1215,1230,15
550,home,1230,1440,210
551,home,0,375,375
551,shop,375,435,60
551,leisure,435,990,555
551,home,990,1440,450
552,home,0,375,375
552,work,375,795,420
552,shop,795,870,75
552,home,870,1440,570
553,home,0,375,375
553,shop,375,435,60
553,leisure,435,975,540
553,home,975,1440,465
554,home,0,390,390
554,shop,390,435,45
554,home,435,615,180
554,leisure,615,825,210
554,shop,825,915,90
554,home,915,1440,525
555,home,0,375,375
555,work,375,780,405
555,shop,780,825,45
555,work,825,1005,180
555,leisure,1005,1035,30
555,work,1035,1170,135
555,leisure,1170,1185,15
555,work,1185,1200,15
555,home,1200,1440,240
556,home,0,435,435
556,shop,435,570,135
556,leisure,570,930,360
556,home,930,1440,510
557,home,0,390,390
557,shop,390,450,60
557,leisure,450,1005,555
557,home,1005,1440,435
558,home,0,390,390
558,shop,390,450,60
558,home,450,630,180
558,leisure,630,1005,375
558,home,1005,1440,435
559,home,0,405,405
559,shop,405,480,75
559,home,480,630,150
559,leisure,630,765,135
559,home,765,1440,675
560,home,0,375,375
560,shop,375,435,60
560,leisure,435,540,105
560,shop,540,675,135
560,home,675,885,210
560,leisure,885,1035,150
560,home,1035,1440,405
561,home,0,420,420
561,shop,420,480,60
561,leisure,480,1005,525
561,home,1005,1440,435
562,home,0,375,375
562,shop,375,465,90
562,leisure,465,990,525
562,home,990,1440,450
563,home,0,390,390
563,shop,390,465,75
563,leisure,465,990,525
563,home,990,1440,450
564,home,0,405,405
564,shop,405,465,60
564,leisure,465,1050,585
564,home,1050,1440,390
565,home,0,375,375
565,shop,375,555,180
565,leisure,555,1005,450
565,home,1005,1440,435
566,home,0,390,390
566,shop,390,465,75
566,leisure,465,900,435
566,shop,900,960,60
566,home,960,1440,480
567,home,0,390,390
567,shop,390,510,120
567,leisure,510,975,465
567,home,975,1440,465
568,home,0,390,390
568,shop,390,495,105
568,leisure,495,975,480
568,home,975,1440,465
569,home,0,390,390
569,work,390,1125,735
569,home,1125,1440,315
570,home,0,390,390
570,shop,390,465,75
570,leisure,465,1005,540
570,home,1005,1440,435
571,home,0,390,390
571,shop,390,465,75
571,leisure,465,1095,630
571,home,1095,1440,345
572,home,0,405,405
572,shop,405,510,105
572,home,510,645,135
572,leisure,645,975,330
572,home,975,1440,465
573,home,0,405,405
573,shop,405,510,105
573,leisure,510,975,465
573,home,975,1440,465
574,home,0,375,375
574,shop,375,435,60
574,leisure,435,975,540
574,home,975,1440,465
575,home,0,405,405
575,shop,405,480,75
575,leisure,480,1005,525
575,home,1005,1440,435
576,home,0,405,405
576,shop,405,450,45
576,leisure,450,630,180
576,shop,630,720,90
576,home,720,1440,720
577,home,0,375,375
577,work,375,795,420
577,shop,795,870,75
577,leisure,870,975,105
577,home,975,1440,465
578,home,0,420,420
578,shop,420,495,75
578,leisure,495,990,495
578,home,990,1440,450
579,home,0,390,390
579,leisure,390,600,210
579,shop,600,675,75
579,home,675,1440,765
580,home,0,420,420
580,shop,420,480,60
580,leisure,480,735,255
580,shop,735,930,195
580,home,930,1440,510
581,home,0,390,390
581,shop,390,450,60
581,leisure,450,1005,555
581,home,1005,1440,435
582,home,0,390,390
582,shop,390,510,120
582,leisure,510,990,480
582,home,990,1440,450
583,home,0,375,375
583,work,375,1110,735
583,home,1110,1440,330
584,home,0,375,375
584,work,375,1185,810
584,home,1185,1440,255
585,home,0,375,375
585,work,375,1155,780
585,home,1155,1440,285
586,home,0,420,420
586,shop,420,495,75
586,leisure,495,975,480
586,home,975,1440,465
587,home,0,420,420
587,leisure,420,615,195
587,shop,615,750,135
587,home,750,1440,690
588,home,0,375,375
588,shop,375,435,60
588,leisure,435,1005,570
588,home,1005,1440,435
589,home,0,405,405
589,shop,405,480,75
589,leisure,480,990,510
589,home,990,1440,450
590,home,0,390,390
590,work,390,1125,735
590,home,1125,1440,315
591,home,0,390,390
591,work,390,1050,660
591,home,1050,1440,390
592,home,0,375,375
592,work,375,1095,720
592,home,1095,1440,345
593,home,0,375,375
593,work,375,1065,690
593,home,1065,1440,375
594,home,0,390,390
594,work,390,810,420
594,shop,810,825,15
594,work,825,1065,240
594,leisure,1065,1080,15
594,work,1080,1095,15
594,leisure,1095,1110,15
594,work,1110,1125,15
594,leisure,1125,1140,15
594,work,1140,1155,15
594,leisure,1155,1170,15
594,home,1170,1440,270
595,home,0,405,405
595,shop,405,510,105
595,leisure,510,960,450
595,shop,960,975,15
595,home,975,1440,465
596,home,0,405,405
596,shop,405,495,90
596,leisure,495,975,480
596,home,975,1440,465
597,home,0,390,390
597,shop,390,510,120
597,leisure,510,975,465
597,home,975,1440,465
598,home,0,375,375
598,shop,375,465,90
598,leisure,465,990,525
598,home,990,1440,450
599,home,0,375,375
599,work,375,795,420
599,shop,795,855,60
599,home,855,1440,585
600,home,0,375,375
600,work,375,795,420
600,shop,795,855,60
600,home,855,1440,585
601,home,0,390,390
601,shop,390,420,30
601,leisure,420,495,75
601,shop,495,780,285
601,home,780,1440,660
602,home,0,375,375
602,work,375,795,420
602,shop,795,855,60
602,home,855,1440,585
603,home,0,375,375
603,leisure,375,600,225
603,shop,600,750,150
603,home,750,975,225
603,shop,975,990,15
603,home,990,1440,450
604,home,0,375,375
604,shop,375,435,60
604,home,435,615,180
604,leisure,615,795,180
604,shop,795,930,135
604,home,930,1440,510
605,home,0,375,375
605,shop,375,495,120
605,leisure,495,885,390
605,shop,885,945,60
605,home,945,1440,495
606,home,0,375,375
606,work,375,795,420
606,shop,795,855,60
606,work,855,1095,240
606,leisure,1095,1110,15
606,work,1110,1140,30
606,home,1140,1440,300
607,home,0,390,390
607,shop,390,465,75
607,leisure,465,990,525
607,home,990,1440,450
608,home,0,375,375
608,shop,375,450,75
608,leisure,450,975,525
608,home,975,1440,465
609,home,0,375,375
609,leisure,375,675,300
609,shop,675,750,75
609,home,750,1440,690
610,home,0,375,375
610,shop,375,450,75
610,leisure,450,990,540
610,home,990,1440,450
611,home,0,375,375
611,leisure,375,540,165
611,shop,540,840,300
611,home,840,1440,600
612,home,0,390,390
612,leisure,390,585,195
612,shop,585,960,375
612,home,960,1440,480
613,home,0,390,390
613,work,390,795,405
613,shop,795,810,15
613,home,810,1440,630
614,home,0,405,405
614,leisure,405,510,105
614,shop,510,840,330
614,home,840,1440,600
615,home,0,405,405
615,shop,405,495,90
615,leisure,495,1005,510
615,home,1005,1440,435
616,home,0,390,390
616,shop,390,510,120
616,leisure,510,990,480
616,home,990,1440,450
617,home,0,405,405
617,shop,405,465,60
617,leisure,465,1005,540
617,home,1005,1440,435
618,home,0,375,375
618,work,375,1125,750
618,home,1125,1440,315
619,home,0,390,390
619,work,390,1140,750
619,home,1140,1440,300
620,home,0,375,375
620,work,375,795,420
620,shop,795,870,75
620,work,870,990,120
620,leisure,990,1005,15
620,work,1005,1110,105
620,leisure,1110,1125,15
620,work,1125,1155,30
620,leisure,1155,1170,15
620,home,1170,1440,270
621,home,0,375,375
621,leisure,375,495,120
621,shop,495,555,60
621,home,555,660,105
621,shop,660,720,60
621,home,720,1440,720
622,home,0,375,375
622,work,375,795,420
622,shop,795,855,60
622,leisure,855,915,60
622,work,915,1185,270
622,home,1185,1440,255
623,home,0,375,375
623,shop,375,480,105
623,leisure,480,975,495
623,home,975,1440,465
624,home,0,375,375
624,shop,375,465,90
624,home,465,630,165
624,leisure,630,945,315
624,home,945,1440,495
625,home,0,375,375
625,leisure,375,540,165
625,shop,540,900,360
625,home,900,1440,540
626,home,0,390,390
626,leisure,390,510,120
626,shop,510,840,330
626,home,840,1440,600
627,home,0,405,405
627,shop,405,465,60
627,leisure,465,975,510
627,home,975,1440,465
628,home,0,390,390
628,shop,390,450,60
628,leisure,450,975,525
628,home,975,1440,465
629,home,0,390,390
629,shop,390,450,60
629,leisure,450,990,540
629,home,990,1440,450
630,home,0,375,375
630,shop,375,450,75
630,leisure,450,1005,555
630,home,1005,1440,435
631,home,0,375,375
631,work,375,795,420
631,shop,795,855,60
631,work,855,1185,330
631,leisure,1185,1200,15
631,home,1200,1440,240
632,home,0,390,390
632,shop,390,450,60
632,leisure,450,795,345
632,home,795,1440,645
633,home,0,375,375
633,work,375,735,360
633,shop,735,750,15
633,work,750,1005,255
633,leisure,1005,1020,15
633,work,1020,1035,15
633,leisure,1035,1065,30
633,work,1065,1080,15
633,leisure,1080,1095,15
633,work,1095,1110,15
633,leisure,1110,1125,15
633,work,1125,1155,30
633,leisure,1155,1170,15
633,work,1170,1185,15
633,home,1185,1440,255
634,home,0,375,375
634,shop,375,465,90
634,leisure,465,1005,540
634,home,1005,1440,435
635,home,0,390,390
635,shop,390,495,105
635,leisure,495,975,480
635,home,975,1440,465
636,home,0,375,375
636,work,375,1185,810
636,home,1185,1440,255
637,home,0,375,375
637,shop,375,435,60
637,leisure,435,510,75
637,shop,510,585,75
637,home,585,1440,855
638,home,0,390,390
638,leisure,390,600,210
638,shop,600,765,165
638,home,765,1440,675
639,home,0,390,390
639,shop,390,495,105
639,home,495,585,90
639,leisure,585,825,240
639,home,825,1440,615
640,home,0,390,390
640,shop,390,540,150
640,leisure,540,1035,495
640,home,1035,1440,405
641,home,0,405,405
641,shop,405,495,90
641,leisure,495,975,480
641,home,975,1440,465
642,home,0,390,390
642,shop,390,435,45
642,home,435,600,165
642,leisure,600,780,180
642,shop,780,840,60
642,home,840,1440,600
643,home,0,390,390
643,work,390,810,420
643,shop,810,870,60
643,home,870,1440,570
644,home,0,375,375
644,work,375,1200,825
644,home,1200,1440,240
645,home,0,375,375
645,work,375,750,375
645,shop,750,780,30
645,work,780,1035,255
645,shop,1035,1050,15
645,home,1050,1440,390
646,home,0,375,375
646,leisure,375,570,195
646,shop,570,675,105
646,home,675,1440,765
647,home,0,375,375
647,work,375,1065,690
647,home,1065,1440,375
648,home,0,375,375
648,leisure,375,555,180
648,shop,555,810,255
648,home,810,1440,630
649,home,0,435,435
649,shop,435,495,60
649,leisure,495,975,480
649,home,975,1440,465
650,home,0,405,405
650,leisure,405,585,180
650,shop,585,660,75
650,home,660,1440,780
651,home,0,405,405
651,shop,405,480,75
651,leisure,480,975,495
651,home,975,1440,465
652,home,0,405,405
652,shop,405,465,60
652,leisure,465,975,510
652,home,975,1440,465
653,home,0,390,390
653,shop,390,450,60
653,leisure,450,1005,555
653,home,1005,1440,435
654,home,0,375,375
654,work,375,1035,660
654,education,1035,1080,45
654,home,1080,1440,360
655,home,0,405,405
655,shop,405,465,60
655,leisure,465,975,510
655,home,975,1440,465
656,home,0,405,405
656,shop,405,480,75
656,leisure,480,975,495
656,home,975,1440,465
657,home,0,390,390
657,work,390,1200,810
657,home,1200,1440,240
658,home,0,375,375
658,work,375,795,420
658,shop,795,870,75
658,home,870,1440,570
659,home,0,390,390
659,shop,390,465,75
659,leisure,465,1020,555
659,home,1020,1440,420
660,home,0,390,390
660,work,390,1170,780
660,home,1170,1440,270
661,home,0,420,420
661,leisure,420,480,60
661,shop,480,570,90
661,home,570,1440,870
662,home,0,375,375
662,work,375,1155,780
662,home,1155,1440,285
663,home,0,375,375
663,leisure,375,495,120
663,shop,495,585,90
663,home,585,765,180
663,shop,765,930,165
663,home,930,1440,510
664,home,0,420,420
664,leisure,420,510,90
664,shop,510,600,90
664,leisure,600,975,375
664,home,975,1440,465
665,home,0,375,375
665,shop,375,435,60
665,leisure,435,1020,585
665,home,1020,1440,420
666,home,0,375,375
666,work,375,1110,735
666,home,1110,1440,330
667,home,0,375,375
667,work,375,810,435
667,shop,810,840,30
667,home,840,1050,210
667,education,1050,1080,30
667,home,1080,1440,360
668,home,0,375,375
668,shop,375,435,60
668,leisure,435,1050,615
668,home,1050,1440,390
669,home,0,405,405
669,shop,405,465,60
669,leisure,465,990,525
669,home,990,1440,450
670,home,0,375,375
670,shop,375,435,60
670,leisure,435,990,555
670,home,990,1440,450
671,home,0,405,405
671,leisure,405,525,120
671,shop,525,675,150
671,home,675,1440,765
672,home,0,390,390
672,shop,390,495,105
672,home,495,615,120
672,leisure,615,840,225
672,home,840,1440,600
673,home,0,375,375
673,work,375,1035,660
673,home,1035,1440,405
674,home,0,390,390
674,shop,390,465,75
674,leisure,465,1005,540
674,home,1005,1440,435
675,home,0,375,375
675,shop,375,435,60
675,leisure,435,990,555
675,home,990,1440,450
676,home,0,375,375
676,work,375,810,435
676,shop,810,885,75
676,home,885,1440,555
677,home,0,390,390
677,shop,390,450,60
677,leisure,450,855,405
677,shop,855,960,105
677,home,960,1440,480
678,home,0,390,390
678,shop,390,525,135
678,leisure,525,975,450
678,home,975,1440,465
679,home,0,390,390
679,leisure,390,765,375
679,shop,765,840,75
679,home,840,1020,180
679,shop,1020,1035,15
679,home,1035,1440,405
680,home,0,390,390
680,work,390,750,360
680,shop,750,765,15
680,work,765,1140,375
680,leisure,1140,1185,45
680,work,1185,1200,15
680,leisure,1200,1215,15
680,work,1215,1230,15
680,home,1230,1440,210
681,home,0,405,405
681,shop,405,495,90
681,leisure,495,1005,510
681,home,1005,1440,435
682,home,0,405,405
682,shop,405,495,90
682,home,495,645,150
682,leisure,645,975,330
682,home,975,1440,465
683,home,0,405,405
683,shop,405,480,75
683,leisure,480,975,495
683,home,975,1440,465
684,home,0,375,375
684,shop,375,405,30
684,leisure,405,615,210
684,shop,615,885,270
684,home,885,1440,555
685,home,0,405,405
685,work,405,1125,720
685,education,1125,1140,15
685,home,1140,1440,300
686,home,0,405,405
686,shop,405,495,90
686,leisure,495,1035,540
686,home,1035,1440,405
687,home,0,405,405
687,shop,405,465,60
687,leisure,465,1005,540
687,home,1005,1440,435
688,home,0,405,405
688,shop,405,465,60
688,leisure,465,975,510
688,home,975,1440,465
689,home,0,390,390
689,shop,390,495,105
689,leisure,495,810,315
689,home,810,1440,630
690,home,0,405,405
690,leisure,405,690,285
690,shop,690,810,120
690,home,810,1440,630
691,home,0,405,405
691,shop,405,480,75
691,leisure,480,1005,525
691,home,1005,1440,435
692,home,0,405,405
692,leisure,405,630,225
692,shop,630,960,330
692,home,960,1440,480
693,home,0,375,375
693,shop,375,450,75
693,leisure,450,990,540
693,home,990,1440,450
694,home,0,420,420
694,shop,420,480,60
694,leisure,480,990,510
694,home,990,1440,450
695,home,0,390,390
695,work,390,1155,765
695,home,1155,1440,285
696,home,0,375,375
696,leisure,375,570,195
696,shop,570,945,375
696,home,945,1440,495
697,home,0,375,375
697,shop,375,465,90
697,leisure,465,990,525
697,home,990,1440,450
698,home,0,375,375
698,work,375,1095,720
698,education,1095,1110,15
698,home,1110,1440,330
699,home,0,390,390
699,shop,390,450,60
699,leisure,450,975,525
699,home,975,1440,465
700,home,0,390,390
700,leisure,390,555,165
700,shop,555,825,270
700,home,825,1440,615
701,home,0,390,390
701,leisure,390,630,240
701,shop,630,795,165
701,home,795,1440,645
702,home,0,420,420
702,shop,420,480,60
702,leisure,480,990,510
702,home,990,1440,450
703,home,0,390,390
703,leisure,390,600,210
703,shop,600,735,135
703,home,735,1440,705
704,home,0,390,390
704,shop,390,450,60
704,leisure,450,990,540
704,home,990,1440,450
705,home,0,405,405
705,shop,405,465,60
705,leisure,465,975,510
705,home,975,1440,465
706,home,0,375,375
706,leisure,375,525,150
706,shop,525,585,60
706,home,585,825,240
706,shop,825,960,135
706,home,960,1440,480
707,home,0,375,375
707,work,375,795,420
707,shop,795,855,60
707,work,855,1185,330
707,leisure,1185,1215,30
707,work,1215,1230,15
707,leisure,1230,1245,15
707,work,1245,1260,15
707,home,1260,1440,180
708,home,0,375,375
708,work,375,1005,630
708,education,1005,1080,75
708,home,1080,1440,360
709,home,0,390,390
709,leisure,390,525,135
709,shop,525,795,270
709,home,795,1440,645
710,home,0,390,390
710,shop,390,465,75
710,leisure,465,1005,540
710,home,1005,1440,435
711,home,0,405,405
711,shop,405,465,60
711,leisure,465,975,510
711,home,975,1440,465
712,home,0,375,375
712,leisure,375,465,90
712,shop,465,735,270
712,home,735,1440,705
713,home,0,375,375
713,work,375,810,435
713,shop,810,885,75
713,home,885,1440,555
714,home,0,375,375
714,work,375,1170,795
714,home,1170,1440,270
715,home,0,405,405
715,leisure,405,705,300
715,shop,705,855,150
715,home,855,1440,585
716,home,0,375,375
716,work,375,795,420
716,shop,795,840,45
716,home,840,1440,600
717,home,0,375,375
717,shop,375,435,60
717,leisure,435,990,555
717,home,990,1440,450
718,home,0,390,390
718,work,390,915,525
718,leisure,915,975,60
718,home,975,1440,465
719,home,0,375,375
719,shop,375,450,75
719,leisure,450,1005,555
719,home,1005,1440,435
720,home,0,375,375
720,shop,375,495,120
720,leisure,495,990,495
720,home,990,1440,450
721,home,0,390,390
721,work,390,810,420
721,shop,810,945,135
721,home,945,1440,495
722,home,0,375,375
722,work,375,1035,660
722,education,1035,1080,45
722,home,1080,1440,360
723,home,0,405,405
723,shop,405,495,90
723,leisure,495,1005,510
723,home,1005,1440,435
724,home,0,420,420
724,shop,420,465,45
724,leisure,465,690,225
724,shop,690,870,180
724,home,870,1440,570
725,home,0,405,405
725,shop,405,510,105
725,leisure,510,975,465
725,home,975,1440,465
726,home,0,390,390
726,shop,390,480,90
726,leisure,480,975,495
726,home,975,1440,465
727,home,0,375,375
727,leisure,375,465,90
727,shop,465,750,285
727,home,750,1440,690
728,home,0,375,375
728,work,375,780,405
728,shop,780,825,45
728,work,825,1080,255
728,leisure,1080,1095,15
728,home,1095,1440,345
729,home,0,405,405
729,shop,405,480,75
729,leisure,480,975,495
729,home,975,1440,465
730,home,0,375,375
730,work,375,780,405
730,shop,780,840,60
730,home,840,1440,600
731,home,0,405,405
731,shop,405,480,75
731,leisure,480,975,495
731,home,975,1440,465
732,home,0,375,375
732,shop,375,435,60
732,leisure,435,990,555
732,home,990,1440,450
733,home,0,390,390
733,shop,390,450,60
733,leisure,450,1020,570
733,home,1020,1440,420
734,home,0,375,375
734,work,375,1185,810
734,home,1185,1440,255
735,home,0,390,390
735,work,390,750,360
735,shop,750,765,15
735,work,765,1125,360
735,leisure,1125,1155,30
735,work,1155,1200,45
735,home,1200,1440,240
736,home,0,375,375
736,work,375,1125,750
736,home,1125,1440,315
737,home,0,375,375
737,shop,375,540,165
737,leisure,540,930,390
737,shop,930,960,30
737,home,960,1440,480
738,home,0,375,375
738,work,375,1095,720
738,home,1095,1440,345
739,home,0,390,390
739,work,390,810,420
739,shop,810,885,75
739,home,885,1440,555
740,home,0,375,375
740,work,375,795,420
740,shop,795,855,60
740,home,855,1440,585
741,home,0,390,390
741,shop,390,480,90
741,leisure,480,1065,585
741,home,1065,1440,375
742,home,0,420,420
742,shop,420,465,45
742,leisure,465,720,255
742,shop,720,945,225
742,home,945,1440,495
743,home,0,390,390
743,work,390,1155,765
743,home,1155,1440,285
744,home,0,405,405
744,shop,405,480,75
744,leisure,480,990,510
744,home,990,1440,450
745,home,0,390,390
745,shop,390,480,90
745,leisure,480,990,510
745,home,990,1440,450
746,home,0,375,375
746,work,375,1125,750
746,home,1125,1440,315
747,home,0,405,405
747,shop,405,495,90
747,leisure,495,975,480
747,home,975,1440,465
748,home,0,390,390
748,shop,390,465,75
748,leisure,465,1020,555
748,home,1020,1440,420
749,home,0,375,375
749,work,375,795,420
749,shop,795,870,75
749,home,870,1440,570
750,home,0,390,390
750,work,390,1110,720
750,home,1110,1440,330
751,home,0,375,375
751,work,375,1035,660
751,leisure,1035,1095,60
751,home,1095,1440,345
752,home,0,375,375
752,work,375,1125,750
752,home,1125,1440,315
753,home,0,375,375
753,work,375,780,405
753,shop,780,825,45
753,work,825,1140,315
753,leisure,1140,1170,30
753,work,1170,1185,15
753,leisure,1185,1200,15
753,work,1200,1215,15
753,home,1215,1440,225
754,home,0,375,375
754,work,375,795,420
754,shop,795,855,60
754,work,855,1170,315
754,leisure,1170,1200,30
754,home,1200,1440,240
755,home,0,375,375
755,shop,375,405,30
755,leisure,405,795,390
755,shop,795,810,15
755,home,810,1005,195
755,shop,1005,1020,15
755,home,1020,1440,420
756,home,0,405,405
756,leisure,405,525,120
756,shop,525,585,60
756,home,585,1005,420
756,leisure,1005,1065,60
756,home,1065,1440,375
757,home,0,375,375
757,work,375,1125,750
757,home,1125,1440,315
758,home,0,390,390
758,work,390,1170,780
758,home,1170,1440,270
759,home,0,420,420
759,shop,420,495,75
759,leisure,495,1005,510
759,home,1005,1440,435
760,home,0,390,390
760,shop,390,480,90
760,leisure,480,1005,525
760,home,1005,1440,435
761,home,0,390,390
761,shop,390,495,105
761,leisure,495,1005,510
761,home,1005,1440,435
762,home,0,435,435
762,shop,435,495,60
762,leisure,495,840,345
762,home,840,1440,600
763,home,0,390,390
763,shop,390,465,75
763,leisure,465,1005,540
763,home,1005,1440,435
764,home,0,390,390
764,work,390,1095,705
764,home,1095,1440,345
765,home,0,375,375
765,leisure,375,540,165
765,shop,540,720,180
765,home,720,1440,720
766,home,0,375,375
766,leisure,375,450,75
766,shop,450,645,195
766,home,645,1440,795
767,home,0,390,390
767,leisure,390,705,315
767,shop,705,825,120
767,home,825,1440,615
768,home,0,420,420
768,shop,420,495,75
768,leisure,495,1065,570
768,home,1065,1440,375
769,home,0,390,390
769,shop,390,480,90
769,leisure,480,990,510
769,home,990,1440,450
770,home,0,375,375
770,shop,375,435,60
770,leisure,435,975,540
770,home,975,1440,465
771,home,0,375,375
771,shop,375,450,75
771,leisure,450,1005,555
771,home,1005,1440,435
772,home,0,465,465
772,shop,465,495,30
772,leisure,495,690,195
772,shop,690,915,225
772,home,915,1440,525
773,home,0,375,375
773,shop,375,450,75
773,leisure,450,975,525
773,home,975,1440,465
774,home,0,390,390
774,work,390,810,420
774,shop,810,900,90
774,home,900,1155,255
774,leisure,1155,1170,15
774,home,1170,1440,270
775,home,0,375,375
775,shop,375,390,15
775,work,390,735,345
775,shop,735,750,15
775,work,750,1080,330
775,leisure,1080,1095,15
775,home,1095,1440,345
776,home,0,390,390
776,leisure,390,555,165
776,shop,555,840,285
776,home,840,1440,600
777,home,0,390,390
777,shop,390,420,30
777,leisure,420,495,75
777,shop,495,630,135
777,home,630,1440,810
778,home,0,375,375
778,leisure,375,780,405
778,shop,780,960,180
778,home,960,1440,480
779,home,0,435,435
779,shop,435,525,90
779,leisure,525,990,465
779,home,990,1440,450
780,home,0,375,375
780,shop,375,450,75
780,leisure,450,1050,600
780,home,1050,1440,390
781,home,0,405,405
781,shop,405,525,120
781,leisure,525,975,450
781,home,975,1440,465
782,home,0,420,420
782,shop,420,495,75
782,leisure,495,1005,510
782,home,1005,1440,435
783,home,0,390,390
783,shop,390,495,105
783,leisure,495,1005,510
783,home,1005,1440,435
784,home,0,390,390
784,shop,390,465,75
784,leisure,465,975,510
784,home,975,1440,465
785,home,0,375,375
785,shop,375,435,60
785,leisure,435,975,540
785,home,975,1440,465
786,home,0,375,375
786,work,375,1035,660
786,education,1035,1080,45
786,home,1080,1440,360
787,home,0,375,375
787,work,375,1080,705
787,home,1080,1440,360
788,home,0,390,390
788,shop,390,510,120
788,leisure,510,975,465
788,home,975,1440,465
789,home,0,420,420
789,shop,420,525,105
789,leisure,525,1050,525
789,home,1050,1440,390
790,home,0,405,405
790,leisure,405,525,120
790,shop,525,915,390
790,home,915,1440,525
791,home,0,375,375
791,work,375,795,420
791,shop,795,870,75
791,home,870,1440,570
792,home,0,390,390
792,shop,390,450,60
792,leisure,450,1035,585
792,home,1035,1440,405
793,home,0,375,375
793,work,375,1140,765
793,home,1140,1440,300
794,home,0,405,405
794,shop,405,510,105
794,leisure,510,990,480
794,home,990,1440,450
795,home,0,405,405
795,shop,405,465,60
795,leisure,465,990,525
795,home,990,1440,450
796,home,0,390,390
796,shop,390,480,90
796,leisure,480,1020,540
796,home,1020,1440,420
797,home,0,405,405
797,shop,405,495,90
797,leisure,495,975,480
797,home,975,1440,465
798,home,0,375,375
798,work,375,795,420
798,education,795,915,120
798,leisure,915,975,60
798,home,975,1170,195
798,shop,1170,1185,15
798,home,1185,1440,255
799,home,0,375,375
799,shop,375,435,60
799,leisure,435,990,555
799,home,990,1440,450
800,home,0,375,375
800,shop,375,450,75
800,leisure,450,975,525
800,home,975,1440,465
801,home,0,375,375
801,leisure,375,780,405
801,shop,780,960,180
801,home,960,1440,480
802,home,0,375,375
802,work,375,1140,765
802,home,1140,1440,300
803,home,0,375,375
803,work,375,795,420
803,education,795,975,180
803,home,975,1440,465
804,home,0,375,375
804,shop,375,435,60
804,leisure,435,990,555
804,home,990,1440,450
805,home,0,420,420
805,shop,420,465,45
805,leisure,465,765,300
805,shop,765,945,180
805,home,945,1440,495
806,home,0,375,375
806,shop,375,450,75
806,leisure,450,1020,570
806,home,1020,1440,420
807,home,0,390,390
807,leisure,390,540,150
807,shop,540,915,375
807,home,915,1440,525
808,home,0,375,375
808,work,375,1095,720
808,home,1095,1440,345
809,home,0,375,375
809,shop,375,450,75
809,leisure,450,975,525
809,home,975,1440,465
810,home,0,375,375
810,work,375,1140,765
810,home,1140,1440,300
811,home,0,405,405
811,shop,405,465,60
811,leisure,465,1005,540
811,home,1005,1440,435
812,home,0,405,405
812,shop,405,495,90
812,home,495,645,150
812,leisure,645,975,330
812,home,975,1440,465
813,home,0,375,375
813,work,375,1065,690
813,home,1065,1440,375
814,home,0,375,375
814,work,375,780,405
814,shop,780,840,60
814,work,840,1095,255
814,leisure,1095,1140,45
814,work,1140,1200,60
814,leisure,1200,1215,15
814,work,1215,1230,15
814,leisure,1230,1245,15
814,work,1245,1260,15
814,leisure,1260,1275,15
814,home,1275,1440,165
815,home,0,375,375
815,work,375,1095,720
815,home,1095,1440,345
816,home,0,390,390
816,leisure,390,495,105
816,shop,495,570,75
816,home,570,660,90
816,shop,660,720,60
816,home,720,1440,720
817,home,0,375,375
817,leisure,375,645,270
817,shop,645,735,90
817,home,735,1440,705
818,home,0,420,420
818,shop,420,525,105
818,leisure,525,1020,495
818,home,1020,1440,420
819,home,0,375,375
819,work,375,1125,750
819,home,1125,1440,315
820,home,0,405,405
820,shop,405,540,135
820,leisure,540,1005,465
820,home,1005,1440,435
821,home,0,390,390
821,work,390,1110,720
821,education,1110,1125,15
821,home,1125,1440,315
822,home,0,405,405
822,shop,405,480,75
822,leisure,480,975,495
822,home,975,1440,465
823,home,0,375,375
823,leisure,375,480,105
823,shop,480,645,165
823,home,645,1440,795
824,home,0,375,375
824,work,375,765,390
824,shop,765,780,15
824,work,780,1005,225
824,leisure,1005,1020,15
824,work,1020,1065,45
824,leisure,1065,1080,15
824,work,1080,1095,15
824,leisure,1095,1125,30
824,work,1125,1170,45
824,leisure,1170,1200,30
824,work,1200,1215,15
824,home,1215,1440,225
825,home,0,390,390
825,shop,390,480,90
825,leisure,480,990,510
825,home,990,1440,450
826,home,0,390,390
826,work,390,1125,735
826,home,1125,1440,315
827,home,0,390,390
827,shop,390,420,30
827,leisure,420,540,120
827,shop,540,705,165
827,home,705,1440,735
828,home,0,390,390
828,shop,390,465,75
828,leisure,465,810,345
828,shop,810,885,75
828,home,885,1440,555
829,home,0,375,375
829,work,375,1125,750
829,home,1125,1440,315
830,home,0,375,375
830,work,375,1125,750
830,home,1125,1440,315
831,home,0,375,375
831,shop,375,465,90
831,leisure,465,1005,540
831,home,1005,1440,435
832,home,0,375,375
832,shop,375,450,75
832,leisure,450,975,525
832,home,975,1440,465
833,home,0,405,405
833,shop,405,495,90
833,leisure,495,1020,525
833,home,1020,1440,420
834,home,0,375,375
834,shop,375,465,90
834,leisure,465,975,510
834,home,975,1440,465
835,home,0,375,375
835,shop,375,435,60
835,leisure,435,975,540
835,home,975,1440,465
836,home,0,375,375
836,leisure,375,510,135
836,shop,510,600,90
836,home,600,765,165
836,leisure,765,975,210
836,home,975,1440,465
837,home,0,390,390
837,work,390,1065,675
837,leisure,1065,1110,45
837,home,1110,1440,330
838,home,0,390,390
838,shop,390,465,75
838,leisure,465,990,525
838,home,990,1440,450
839,home,0,390,390
839,shop,390,450,60
839,leisure,450,1005,555
839,home,1005,1440,435
840,home,0,405,405
840,shop,405,540,135
840,leisure,540,990,450
840,home,990,1440,450
841,home,0,375,375
841,leisure,375,525,150
841,shop,525,690,165
841,home,690,1440,750
842,home,0,405,405
842,shop,405,480,75
842,leisure,480,990,510
842,home,990,1440,450
843,home,0,375,375
843,shop,375,465,90
843,leisure,465,975,510
843,home,975,1440,465
844,home,0,390,390
844,shop,390,465,75
844,leisure,465,990,525
844,home,990,1440,450
845,home,0,375,375
845,shop,375,420,45
845,leisure,420,855,435
845,shop,855,960,105
845,home,960,1440,480
846,home,0,375,375
846,work,375,810,435
846,shop,810,840,30
846,home,840,1440,600
847,home,0,420,420
847,leisure,420,660,240
847,shop,660,780,120
847,home,780,1440,660
848,home,0,375,375
848,shop,375,450,75
848,leisure,450,975,525
848,home,975,1440,465
849,home,0,405,405
849,leisure,405,750,345
849,shop,750,855,105
849,home,855,1440,585
850,home,0,375,375
850,work,375,1155,780
850,home,1155,1440,285
851,home,0,375,375
851,shop,375,450,75
851,leisure,450,990,540
851,home,990,1440,450
852,home,0,390,390
852,shop,390,450,60
852,leisure,450,975,525
852,home,975,1440,465
853,home,0,390,390
853,shop,390,450,60
853,leisure,450,975,525
853,home,975,1440,465
854,home,0,390,390
854,shop,390,480,90
854,leisure,480,1005,525
854,home,1005,1440,435
855,home,0,390,390
855,shop,390,480,90
855,leisure,480,975,495
855,home,975,1440,465
856,home,0,375,375
856,shop,375,435,60
856,leisure,435,1050,615
856,home,1050,1440,390
857,home,0,420,420
857,leisure,420,570,150
857,shop,570,960,390
857,home,960,1440,480
858,home,0,405,405
858,shop,405,465,60
858,leisure,465,1005,540
858,home,1005,1440,435
859,home,0,375,375
859,leisure,375,435,60
859,shop,435,705,270
859,home,705,1440,735
860,home,0,420,420
860,shop,420,465,45
860,leisure,465,705,240
860,shop,705,780,75
860,home,780,1440,660
861,home,0,375,375
861,shop,375,435,60
861,leisure,435,1020,585
861,home,1020,1440,420
862,home,0,390,390
862,work,390,1080,690
862,home,1080,1440,360
863,home,0,375,375
863,work,375,1155,780
863,home,1155,1440,285
864,home,0,405,405
864,leisure,405,615,210
864,shop,615,690,75
864,home,690,1440,750
865,home,0,390,390
865,leisure,390,570,180
865,shop,570,735,165
865,home,735,1440,705
866,home,0,375,375
866,work,375,1110,735
866,home,1110,1440,330
867,home,0,375,375
867,work,375,1080,705
867,home,1080,1440,360
868,home,0,375,375
868,work,375,1095,720
868,leisure,1095,1110,15
868,home,1110,1440,330
869,home,0,390,390
869,shop,390,465,75
869,leisure,465,990,525
869,home,990,1440,450
870,home,0,420,420
870,shop,420,480,60
870,leisure,480,975,495
870,home,975,1440,465
871,home,0,405,405
871,leisure,405,600,195
871,shop,600,780,180
871,home,780,1440,660
872,home,0,375,375
872,work,375,1125,750
872,home,1125,1440,315
873,home,0,375,375
873,shop,375,480,105
873,leisure,480,975,495
873,home,975,1440,465
874,home,0,405,405
874,shop,405,480,75
874,leisure,480,1005,525
874,home,1005,1440,435
875,home,0,390,390
875,shop,390,480,90
875,leisure,480,975,495
875,home,975,1440,465
876,home,0,375,375
876,work,375,1050,675
876,home,1050,1440,390
877,home,0,390,390
877,work,390,1140,750
877,home,1140,1440,300
878,home,0,375,375
878,shop,375,420,45
878,leisure,420,540,120
878,shop,540,630,90
878,leisure,630,975,345
878,home,975,1440,465
879,home,0,375,375
879,work,375,1125,750
879,home,1125,1440,315
880,home,0,375,375
880,shop,375,450,75
880,leisure,450,975,525
880,home,975,1440,465
881,home,0,405,405
881,work,405,1035,630
881,education,1035,1080,45
881,home,1080,1440,360
882,home,0,375,375
882,shop,375,450,75
882,leisure,450,990,540
882,home,990,1440,450
883,home,0,390,390
883,shop,390,465,75
883,leisure,465,825,360
883,shop,825,930,105
883,home,930,1440,510
884,home,0,375,375
884,shop,375,465,90
884,leisure,465,690,225
884,shop,690,825,135
884,home,825,1440,615
885,home,0,390,390
885,shop,390,465,75
885,leisure,465,975,510
885,home,975,1440,465
886,home,0,375,375
886,shop,375,480,105
886,home,480,660,180
886,leisure,660,975,315
886,home,975,1440,465
887,home,0,375,375
887,shop,375,435,60
887,leisure,435,975,540
887,home,975,1440,465
888,home,0,390,390
888,work,390,1050,660
888,home,1050,1440,390
889,home,0,390,390
889,shop,390,480,90
889,leisure,480,990,510
889,home,990,1440,450
890,home,0,375,375
890,work,375,795,420
890,shop,795,915,120
890,home,915,1440,525
891,home,0,405,405
891,work,405,1050,645
891,home,1050,1440,390
892,home,0,375,375
892,work,375,1050,675
892,home,1050,1440,390
893,home,0,375,375
893,work,375,1065,690
893,home,1065,1440,375
894,home,0,390,390
894,shop,390,510,120
894,leisure,510,645,135
894,shop,645,915,270
894,home,915,1440,525
895,home,0,375,375
895,work,375,1095,720
895,education,1095,1110,15
895,home,1110,1440,330
896,home,0,390,390
896,leisure,390,540,150
896,shop,540,735,195
896,home,735,1440,705
897,home,0,375,375
897,shop,375,480,105
897,leisure,480,975,495
897,home,975,1440,465
898,home,0,375,375
898,work,375,780,405
898,shop,780,825,45
898,work,825,1080,255
898,home,1080,1440,360
899,home,0,375,375
899,leisure,375,555,180
899,shop,555,675,120
899,home,675,1440,765
900,home,0,375,375
900,leisure,375,540,165
900,shop,540,645,105
900,home,645,1440,795
901,home,0,390,390
901,shop,390,480,90
901,leisure,480,1005,525
901,home,1005,1440,435
902,home,0,375,375
902,shop,375,465,90
902,leisure,465,930,465
902,shop,930,960,30
902,home,960,1440,480
903,home,0,375,375
903,leisure,375,465,90
903,shop,465,735,270
903,home,735,1440,705
904,home,0,390,390
904,work,390,780,390
904,shop,780,795,15
904,work,795,1080,285
904,leisure,1080,1095,15
904,work,1095,1185,90
904,home,1185,1440,255
905,home,0,405,405
905,leisure,405,525,120
905,shop,525,600,75
905,home,600,840,240
905,shop,840,900,60
905,home,900,1440,540
906,home,0,405,405
906,work,405,1080,675
906,home,1080,1440,360
907,home,0,375,375
907,shop,375,435,60
907,leisure,435,1020,585
907,home,1020,1440,420
908,home,0,375,375
908,work,375,795,420
908,shop,795,855,60
908,home,855,1440,585
909,home,0,405,405
909,shop,405,495,90
909,leisure,495,1020,525
909,home,1020,1440,420
910,home,0,390,390
910,shop,390,450,60
910,leisure,450,975,525
910,home,975,1440,465
911,home,0,390,390
911,shop,390,405,15
911,leisure,405,510,105
911,shop,510,795,285
911,home,795,1440,645
912,home,0,375,375
912,work,375,1080,705
912,home,1080,1440,360
913,home,0,375,375
913,shop,375,495,120
913,leisure,495,975,480
913,home,975,1440,465
914,home,0,435,435
914,shop,435,525,90
914,leisure,525,1005,480
914,home,1005,1440,435
915,home,0,375,375
915,shop,375,435,60
915,leisure,435,990,555
915,home,990,1440,450
916,home,0,375,375
916,work,375,1155,780
916,home,1155,1440,285
917,home,0,390,390
917,leisure,390,495,105
917,shop,495,825,330
917,home,825,1440,615
918,home,0,375,375
918,work,375,795,420
918,shop,795,840,45
918,home,840,1440,600
919,home,0,375,375
919,work,375,780,405
919,shop,780,795,15
919,work,795,1125,330
919,home,1125,1440,315
920,home,0,375,375
920,shop,375,450,75
920,leisure,450,975,525
920,home,975,1440,465
921,home,0,405,405
921,shop,405,480,75
921,leisure,480,990,510
921,home,990,1440,450
922,home,0,390,390
922,shop,390,465,75
922,leisure,465,765,300
922,shop,765,885,120
922,home,885,1440,555
923,home,0,375,375
923,work,375,795,420
923,education,795,975,180
923,home,975,1440,465
924,home,0,390,390
924,leisure,390,630,240
924,shop,630,750,120
924,home,750,1440,690
925,home,0,390,390
925,shop,390,450,60
925,leisure,450,990,540
925,home,990,1440,450
926,home,0,390,390
926,leisure,390,780,390
926,shop,780,885,105
926,home,885,1440,555
927,home,0,420,420
927,shop,420,450,30
927,leisure,450,510,60
927,shop,510,705,195
927,home,705,1440,735
928,home,0,375,375
928,work,375,795,420
928,shop,795,870,75
928,work,870,960,90
928,leisure,960,975,15
928,work,975,1035,60
928,leisure,1035,1050,15
928,work,1050,1065,15
928,leisure,1065,1110,45
928,work,1110,1170,60
928,home,1170,1440,270
929,home,0,375,375
929,shop,375,480,105
929,leisure,480,990,510
929,home,990,1440,450
930,home,0,390,390
930,work,390,810,420
930,shop,810,870,60
930,work,870,1035,165
930,leisure,1035,1050,15
930,work,1050,1125,75
930,home,1125,1440,315
931,home,0,420,420
931,shop,420,480,60
931,leisure,480,975,495
931,home,975,1440,465
932,home,0,375,375
932,shop,375,450,75
932,leisure,450,975,525
932,home,975,1440,465
933,home,0,390,390
933,leisure,390,450,60
933,shop,450,570,120
933,home,570,660,90
933,leisure,660,900,240
933,home,900,1440,540
934,home,0,375,375
934,shop,375,435,60
934,leisure,435,990,555
934,home,990,1440,450
935,home,0,375,375
935,shop,375,450,75
935,leisure,450,990,540
935,home,990,1440,450
936,home,0,390,390
936,work,390,810,420
936,shop,810,870,60
936,home,870,1440,570
937,home,0,375,375
937,leisure,375,420,45
937,shop,420,540,120
937,home,540,660,120
937,shop,660,705,45
937,home,705,810,105
937,shop,810,825,15
937,home,825,1020,195
937,shop,1020,1035,15
937,home,1035,1440,405
938,home,0,375,375
938,leisure,375,525,150
938,shop,525,900,375
938,home,900,1440,540
939,home,0,375,375
939,work,375,1155,780
939,home,1155,1440,285
940,home,0,375,375
940,work,375,1170,795
940,home,1170,1440,270
941,home,0,390,390
941,leisure,390,495,105
941,shop,495,645,150
941,home,645,1440,795
942,home,0,375,375
942,work,375,1185,810
942,home,1185,1440,255
943,home,0,375,375
943,shop,375,435,60
943,leisure,435,975,540
943,home,975,1440,465
944,home,0,405,405
944,shop,405,510,105
944,leisure,510,990,480
944,home,990,1440,450
945,home,0,375,375
945,shop,375,435,60
945,leisure,435,975,540
945,home,975,1440,465
946,home,0,375,375
946,work,375,780,405
946,shop,780,840,60
946,work,840,1140,300
946,leisure,1140,1155,15
946,work,1155,1200,45
946,leisure,1200,1215,15
946,work,1215,1230,15
946,home,1230,1440,210
947,home,0,375,375
947,shop,375,435,60
947,leisure,435,975,540
947,home,975,1440,465
948,home,0,405,405
948,shop,405,465,60
948,leisure,465,870,405
948,home,870,1440,570
949,home,0,405,405
949,shop,405,480,75
949,leisure,480,1005,525
949,home,1005,1440,435
950,home,0,420,420
950,leisure,420,555,135
950,shop,555,615,60
950,leisure,615,975,360
950,home,975,1440,465
951,home,0,375,375
951,work,375,795,420
951,shop,795,870,75
951,home,870,1440,570
952,home,0,390,390
952,work,390,1125,735
952,home,1125,1440,315
953,home,0,375,375
953,work,375,1185,810
953,home,1185,1440,255
954,home,0,390,390
954,work,390,810,420
954,shop,810,885,75
954,home,885,1440,555
955,home,0,390,390
955,shop,390,450,60
955,leisure,450,900,450
955,shop,900,960,60
955,home,960,1440,480
956,home,0,390,390
956,shop,390,510,120
956,leisure,510,975,465
956,home,975,1440,465
957,home,0,375,375
957,shop,375,435,60
957,leisure,435,975,540
957,home,975,1440,465
958,home,0,390,390
958,leisure,390,630,240
958,shop,630,810,180
958,home,810,1440,630
959,home,0,390,390
959,shop,390,450,60
959,leisure,450,975,525
959,home,975,1440,465
960,home,0,375,375
960,work,375,1065,690
960,home,1065,1440,375
961,home,0,405,405
961,shop,405,510,105
961,leisure,510,1005,495
961,home,1005,1440,435
962,home,0,420,420
962,leisure,420,645,225
962,shop,645,870,225
962,home,870,1440,570
963,home,0,390,390
963,work,390,810,420
963,shop,810,900,90
963,home,900,1440,540
964,home,0,375,375
964,shop,375,480,105
964,leisure,480,975,495
964,home,975,1440,465
965,home,0,390,390
965,shop,390,450,60
965,leisure,450,1005,555
965,home,1005,1440,435
966,home,0,390,390
966,shop,390,480,90
966,home,480,570,90
966,leisure,570,750,180
966,home,750,1440,690
967,home,0,405,405
967,shop,405,480,75
967,leisure,480,1005,525
967,home,1005,1440,435
968,home,0,375,375
968,shop,375,435,60
968,leisure,435,990,555
968,home,990,1440,450
969,home,0,390,390
969,work,390,1140,750
969,home,1140,1440,300
970,home,0,390,390
970,shop,390,450,60
970,leisure,450,1005,555
970,home,1005,1440,435
971,home,0,375,375
971,shop,375,465,90
971,leisure,465,990,525
971,home,990,1440,450
972,home,0,375,375
972,shop,375,435,60
972,leisure,435,990,555
972,home,990,1440,450
973,home,0,390,390
973,work,390,810,420
973,shop,810,840,30
973,home,840,1440,600
974,home,0,405,405
974,leisure,405,480,75
974,shop,480,855,375
974,home,855,1440,585
975,home,0,420,420
975,shop,420,480,60
975,leisure,480,1005,525
975,home,1005,1440,435
976,home,0,375,375
976,work,375,795,420
976,shop,795,825,30
976,work,825,1035,210
976,leisure,1035,1050,15
976,work,1050,1095,45
976,shop,1095,1110,15
976,home,1110,1440,330
977,home,0,375,375
977,work,375,1170,795
977,home,1170,1440,270
978,home,0,435,435
978,shop,435,525,90
978,leisure,525,930,405
978,shop,930,960,30
978,home,960,1440,480
979,home,0,375,375
979,work,375,990,615
979,home,990,1440,450
980,home,0,375,375
980,work,375,1140,765
980,home,1140,1440,300
981,home,0,390,390
981,shop,390,630,240
981,leisure,630,975,345
981,home,975,1440,465
982,home,0,375,375
982,leisure,375,555,180
982,shop,555,645,90
982,home,645,1440,795
983,home,0,405,405
983,leisure,405,465,60
983,shop,465,780,315
983,home,780,1440,660
984,home,0,420,420
984,shop,420,480,60
984,leisure,480,990,510
984,home,990,1440,450
985,home,0,375,375
985,work,375,1095,720
985,home,1095,1440,345
986,home,0,420,420
986,shop,420,510,90
986,leisure,510,1005,495
986,home,1005,1440,435
987,home,0,390,390
987,work,390,1080,690
987,home,1080,1440,360
988,home,0,390,390
988,work,390,1020,630
988,education,1020,1080,60
988,home,1080,1440,360
989,home,0,390,390
989,work,390,1170,780
989,home,1170,1440,270
990,home,0,375,375
990,work,375,795,420
990,shop,795,855,60
990,work,855,1125,270
990,home,1125,1440,315
991,home,0,375,375
991,shop,375,510,135
991,leisure,510,990,480
991,home,990,1440,450
992,home,0,420,420
992,leisure,420,570,150
992,shop,570,630,60
992,home,630,1440,810
993,home,0,390,390
993,shop,390,465,75
993,leisure,465,1005,540
993,home,1005,1440,435
994,home,0,420,420
994,shop,420,480,60
994,leisure,480,975,495
994,home,975,1440,465
995,home,0,405,405
995,work,405,1110,705
995,home,1110,1440,330
996,home,0,375,375
996,work,375,1110,735
996,home,1110,1440,330
997,home,0,390,390
997,work,390,780,390
997,shop,780,795,15
997,work,795,1065,270
997,shop,1065,1080,15
997,home,1080,1440,360
998,home,0,375,375
998,leisure,375,630,255
998,shop,630,930,300
998,home,930,1440,510
999,home,0,390,390
999,shop,390,450,60
999,home,450,630,180
999,leisure,630,990,360
999,home,990,1440,450
