,pid,act,start,end,duration
0,0,home,0,390,390
1,0,shop,390,420,30
2,0,work,420,960,540
3,0,leisure,960,1095,135
4,0,home,1095,1440,345
5,1,home,0,390,390
6,1,shop,390,420,30
7,1,education,420,540,120
8,1,work,540,960,420
9,1,leisure,960,1020,60
10,1,home,1020,1440,420